
WATERSHED OUTPUT: DISCHARGE FROM WATERSHED OUTLET
(Results listed for Runoff Volume > 0.005m^3)

Day          Precip.    Runoff      Peak       Sediment
   Month     Depth      Volume      Runoff     Yield
       Year  (mm)       (m^3)       (m^3/s)    (kg)
-------------------------------------------------------

   29    7     1  15.0         0.02      0.00008          0.0
   31    7     1   8.4         0.01      0.00004          0.0
    2    8     1  18.5        26.51      0.03152        391.3
   10    8     1  11.2         0.02      0.00007          0.0
   19    8     1   9.4         0.02      0.00005          0.0
   22    8     1  30.2        66.65      0.06925        661.1
   25    8     1  11.4         3.32      0.00534         20.6
    7    9     1  18.3        12.11      0.01615         78.2
   14    9     1  14.2        35.89      0.04084        599.4
   20    9     1  11.4         0.83      0.00164          0.0
   18    3     2   7.6         0.06      0.00018          0.0
   12    7     2  16.3         2.69      0.00446          8.3
   13    7     2  15.7        31.02      0.03606        338.5
   20    7     2  10.7         0.37      0.00081          0.0
   22    7     2  27.4       362.30      0.29437       5903.9
   31    7     2  23.1        92.38      0.09153        878.5
    8    8     2  14.7         2.74      0.00453          6.1
   16    8     2  19.1       171.85      0.15565       3629.9
   27    8     2   9.4         0.01      0.00004          0.0
    8    9     2  21.8       235.84      0.20398       3351.8
    9    9     2  23.1       354.34      0.28884       5529.1
   16   10     2  11.9         0.43      0.00094          0.0
   17    7     3  16.5        11.99      0.01599        194.0
   27    7     3  23.9        49.95      0.05413        537.6
   13    8     3  39.4       542.73      0.41576      13159.2
    2    9     3   9.7         2.09      0.00360         17.7
    4    9     3  11.2         0.01      0.00003          0.0
    9   12     3  23.1        16.11      0.02060         72.4
   10   12     3  21.6       234.25      0.20281       3289.9
   11   12     3   6.6         0.16      0.00040          0.0
   16   12     3   6.3         0.02      0.00005          0.0
   22   12     3  10.2        12.48      0.01656        140.3
    7    2     4   7.6         0.04      0.00012          0.0
   28    7     4  18.8        18.53      0.02320        170.9
   29    7     4  20.8       314.39      0.26078       5805.3
    6    8     4  19.1         4.44      0.00684          0.9
   14    8     4  20.1        35.15      0.04012        580.0
   16    8     4  15.7         7.12      0.01025         51.0
   20    8     4   9.9         2.01      0.00348          8.5
   31    8     4  17.3        37.10      0.04201        439.6
   15    9     4  15.2         1.62      0.00290          0.1
    9    7     5  15.0         8.61      0.01205         55.0
   15    7     5  13.5         4.63      0.00710         13.2
   16    7     5  13.5         0.15      0.00037          0.0
    2    8     5  11.9         4.20      0.00653         17.6
   10    9     5  11.4         1.14      0.00214          2.4
   11    9     5  16.8        62.43      0.06548        633.3
   24    9     5  14.5        15.30      0.01970        208.5
   25    9     5   6.6         1.54      0.00277          0.1
   15   12     5  28.7       648.12      0.48382      23910.3
   16   12     5   7.1         0.04      0.00012          0.0
   20   12     5  19.3       145.50      0.13503        176.7
    9    3     6  12.2         3.81      0.00601         13.8
    2    7     6  25.9        19.97      0.02473         92.4
   18    7     6   9.9         1.09      0.00207          0.1
   20    7     6   7.6         0.10      0.00026          0.0
   25    8     6  24.4       149.58      0.13825       1224.6
   29    8     6  13.2         0.05      0.00016          0.0
   31    8     6  24.6        10.03      0.01374          3.4
    1    7     7  12.2         7.86      0.01115         50.1
   10    7     7  15.5        18.70      0.02338        326.7
   28    7     7  19.1        69.19      0.07150        910.3
    6    8     7   9.7         0.03      0.00011          0.0
   13    8     7  10.7         0.01      0.00003          0.0
   13    9     7   6.9         0.01      0.00003          0.0
   15    9     7  13.2         2.78      0.00459         12.8
    5    3     8   8.4         0.12      0.00032          0.0
    2    8     8   8.6         0.02      0.00008          0.0
   10    8     8  29.5       310.88      0.25829       7780.9
   14    8     8  13.0         2.50      0.00419          0.4
   26    8     8   7.6         0.01      0.00005          0.0
    4    9     8  16.5         0.03      0.00009          0.0
    8    9     8  36.6       639.82      0.47853      12891.2
   23    7     9  32.8       197.37      0.17520       2239.5
   24    7     9  16.5       133.26      0.12525       1626.1
   29    7     9   9.9         0.03      0.00011          0.0
   10    8     9  30.0       498.33      0.38653      11301.5
   12    8     9  27.7       315.15      0.26132       5588.7
   18    8     9  24.1       257.34      0.21977       3571.0
   18    9     9  25.7        20.19      0.02498        153.7
   29    9     9  16.3         6.09      0.00897         26.0
    4   12     9  13.2        63.79      0.06670        880.9
    6    6    10  29.0       492.17      0.38243       9329.8
    5    7    10   7.9         0.01      0.00004          0.0
   15    7    10  12.4         0.28      0.00065          0.0
   24    7    10  10.7         1.48      0.00267          0.1
   28    7    10  11.9        12.67      0.01676        221.2
   12    8    10  22.1         3.14      0.00509          0.5
   26    8    10  16.8         2.01      0.00348          0.2
   29    8    10  11.2         3.44      0.00551         13.9
    6    9    10  23.4       366.95      0.29759       8409.2
    6   10    10  14.7        62.79      0.06581        940.8
   19   10    10  25.4         4.70      0.00718          1.0
   12    3    11  15.2       139.88      0.13055       2245.4
   13    3    11   8.9         1.14      0.00215          0.1
   19    3    11  13.7         0.25      0.00059          0.0
   16    5    11   8.1         0.01      0.00005          0.0
   12    6    11   9.1         2.20      0.00376          0.2
   10    7    11  18.0         3.03      0.00493          9.4
   14    7    11  15.2        68.06      0.07050       1040.3
   27    7    11  39.9       690.79      0.51091      14217.9
   21    8    11  12.2         4.62      0.00708         22.5
   16    9    11   8.9         1.20      0.00224          0.0
    7    7    12  13.0         6.88      0.00995         58.9
   19    7    12  28.2       328.82      0.27097       4943.5
   27    7    12   8.1         0.01      0.00003          0.0
   28    7    12  19.1       166.70      0.15166       3099.5
   29    7    12   7.4         0.01      0.00002          0.0
   30    7    12  12.4         6.67      0.00969         42.6
    1    8    12  24.4       136.04      0.12748       1694.2
    4    8    12   9.7         0.06      0.00019          0.0
   13    8    12  14.2         1.37      0.00250          0.1
    2    9    12  18.5         7.16      0.01030         35.6
   24    9    12  20.3        54.16      0.05800        747.2
   12   10    12  14.7         0.97      0.00187         15.6
   22   10    12  10.2         0.13      0.00033          0.0
   29   10    12  20.1         0.01      0.00006          0.0
    5    7    13  16.5        23.20      0.02813        516.5
    8    7    13   8.1         0.01      0.00004          0.0
   12    7    13  28.2       407.94      0.32577       9550.1
   17    7    13  72.6      1618.53      1.05745      57118.1
   23    7    13   7.4         0.02      0.00006          0.0
   22    8    13   9.9         0.03      0.00010          0.0
    3    9    13  10.2         0.58      0.00120          0.0
    7    9    13  13.5        16.75      0.02130        508.4
   13    9    13  20.3       102.97      0.10042       1312.2
   28   11    13   6.9         0.02      0.00005          0.0
   18    5    14  23.4         3.35      0.00539          0.5
   10    8    14   7.9         0.02      0.00007          0.0
    6    9    14  23.6       237.99      0.20557       4097.6
   10    9    14  11.4         2.62      0.00436          0.4
   22    1    15  12.4         2.34      0.00396         11.6
   22    6    15  11.2         0.36      0.00080          0.0
   13    7    15  11.4         4.37      0.00675         19.3
   23    7    15  17.5         6.48      0.00945         38.6
   31    7    15  13.5         3.34      0.00537          0.6
    1    8    15  11.4         1.42      0.00258          7.7
    6    8    15   8.9         0.01      0.00004          0.0
   15    8    15  24.4       234.79      0.20321       3474.6
   16    8    15  15.0         1.00      0.00191          0.0
    1    9    15  27.7        97.99      0.09625       1038.2
   26    9    15  56.6       519.94      0.40080       7182.0
    6   10    15  22.4         1.97      0.00343          0.2
    7   10    15  23.9         0.02      0.00008          0.0
    9   10    15  19.6         0.53      0.00112          0.0
   17    1    16  15.0         0.01      0.00005          0.0
   12    3    16   9.9         2.27      0.00386         10.6
   18    7    16   7.6         0.01      0.00002          0.0
   25    7    16  27.7       299.92      0.25049       5078.5
   30    7    16  10.2         9.92      0.01360        194.4
    1    8    16  12.7         6.53      0.00951         47.1
   18    8    16   7.1         0.01      0.00003          0.0
   21    9    16   9.7         0.01      0.00005          0.0
   21   10    16  15.7         1.25      0.00232          0.1
   23   10    16  25.1         9.11      0.01265         34.7
   24   11    16  12.7         0.02      0.00007          0.0
   17    1    17  28.7         3.85      0.00606          0.7
   25    1    17  10.4         0.01      0.00003          0.0
   21    3    17  10.9         1.77      0.00311          0.3
    1    7    17  11.4         0.01      0.00005          0.0
   16    7    17   8.4         0.18      0.00044          0.0
   19    7    17  19.1         4.59      0.00704         14.5
   20    7    17  19.6         5.91      0.00874          1.5
   13    8    17   8.1         0.12      0.00031          0.0
   18    8    17  13.0        47.98      0.05230        837.2
    8   11    17   7.4         0.06      0.00016          0.0
   10    7    18  10.2         0.76      0.00151          0.0
   11    7    18   7.4         0.01      0.00003          0.0
   12    7    18  11.4         0.01      0.00003          0.0
   25    7    18   7.6         0.02      0.00006          0.0
   30    7    18  15.5        95.89      0.09449       1494.6
   24    8    18  19.6        11.27      0.01517        122.2
    8    7    19  20.1        81.83      0.08252       1081.4
   19    7    19  21.8        21.40      0.02624        266.6
   21    7    19   6.6         0.01      0.00004          0.0
   25    7    19   9.7         1.02      0.00194          0.0
   28    7    19  24.4         9.72      0.01337         89.2
   30    7    19  29.0       174.35      0.15759       1815.4
   10    8    19  20.1       142.38      0.13254       2417.8
   31    8    19  16.8        67.21      0.06975        947.8
    3    9    19  14.2         3.24      0.00523         10.3
    6    7    20  24.6       162.05      0.14804       2299.0
   20    7    20  16.8         9.18      0.01273         49.4
   12    8    20   6.9         0.02      0.00006          0.0
   23    8    20  30.7       133.33      0.12522       1521.5
   10    9    20  23.9        68.58      0.07096        812.7
   11    9    20  32.0       338.77      0.27796       5132.7
   20    7    21  27.9        13.38      0.01756        154.1
   24    7    21  21.6        69.53      0.07180       1052.0
   25    7    21  12.7         3.62      0.00575         12.4
    7    8    21  10.7         9.30      0.01288        140.7
    9    8    21  16.3         1.88      0.00329          0.2
   28    8    21  10.4         0.01      0.00005          0.0
   10    9    21  30.2       445.04      0.35093       8231.1
   15    9    21   8.9         0.02      0.00007          0.0
   20    9    21  18.5       102.63      0.10014       2034.9
   27    9    21  14.7        15.28      0.01969        635.3
   28    9    21  38.9         7.00      0.01010          1.9
   30    9    21  25.7         5.78      0.00858          1.4
    1   10    21  16.0         1.53      0.00276          0.1
    2   10    21  24.1        10.08      0.01379         61.6
    3   11    21   8.9         0.37      0.00083          0.0
   21   11    21  17.8       212.00      0.18624       3955.3
   28    6    22  17.0         5.49      0.00821         14.1
    3    7    22  16.5        37.37      0.04227        437.7
   14    7    22   8.9         0.72      0.00144          2.1
   20    7    22  10.7         6.98      0.01007         29.6
   29    7    22  15.0        12.89      0.01701        139.5
   12    8    22  14.0         4.89      0.00743         27.3
   13    8    22  11.9         0.04      0.00012          0.0
   15    8    22  21.1        76.46      0.07787        710.1
   16    8    22  27.7       405.58      0.32417       7860.1
   18    8    22  23.4       339.46      0.27844       5967.5
   25    8    22  12.4         7.44      0.01064         81.4
   30    8    22  14.7         4.21      0.00654         10.1
    1    9    22  32.8       558.45      0.42603      13440.9
   10    9    22  13.7         4.26      0.00661         14.2
   25    9    22  10.9         0.04      0.00012          0.0
    3   10    22  25.9         6.04      0.00890          1.5
    6    7    23  11.7         1.57      0.00281          0.1
   14    7    23  26.4       216.93      0.18993       2883.5
   17    7    23  27.9       212.20      0.18639       2717.5
   30    7    23  25.7       273.63      0.23160       5204.1
   31    7    23  20.6        61.76      0.06488       1144.4
    2    8    23  15.2        23.15      0.02807        338.4
    2    9    23   9.9         0.25      0.00059          0.0
   18    9    23  18.0         0.66      0.00135          0.0
   28    9    23  35.3         9.38      0.01297         45.1
   16   10    23  39.6        14.84      0.01919        127.2
   24    6    24   9.1         0.03      0.00010          0.0
    8    7    24  21.6        72.04      0.07400       1092.5
   15    7    24  20.3        12.44      0.01651        136.6
    1    8    24  12.4         4.28      0.00663         15.6
   10    8    24  39.4       725.45      0.53273      18965.1
   14    8    24  21.3       101.60      0.09928       1222.7
   17    8    24  13.2         0.01      0.00003          0.0
   18    8    24  13.2         0.01      0.00002          0.0
   29    8    24  17.0        43.00      0.04765        665.6
    9    9    24  10.4         0.22      0.00053          0.0
    8   10    24   8.1         0.05      0.00014          0.0
    9   10    24  15.0         0.02      0.00009          0.0
   29    7    25  32.8       232.46      0.20148       3659.4
    9    8    25  10.9         0.05      0.00014          0.0
   21    8    25  20.3        63.02      0.06602        914.7
   22    8    25   9.7         2.63      0.00438         17.5
   24    8    25  15.7        13.22      0.01739        126.4
   24    7    26  18.5        77.55      0.07882       1777.1
    6    8    26  28.4       511.85      0.39546      12308.8
   15    8    26  13.2         0.95      0.00183          0.0
   20    8    26  21.3        68.51      0.07090        853.7
   11    9    26  16.0         0.78      0.00156          0.0
    5   10    26   8.6         0.03      0.00010          0.0
   14   10    26  28.4         5.00      0.00758          1.1
   16   10    26  12.7         0.46      0.00098          0.0
   20   10    26  17.8       226.03      0.19671       4370.0
   10    7    27   8.1         0.07      0.00019          0.0
   10    8    27  15.7        16.75      0.02128        210.0
    5    9    27  16.3        40.45      0.04523        732.2
    5   10    27  16.0       241.79      0.20838       4454.6
    4    7    28  21.6       199.14      0.17654       3538.0
    5    7    28  33.3       499.85      0.38753       8711.7
   11    7    28  15.5        35.71      0.04066        438.0
   14    7    28  15.5         3.99      0.00624          0.7
   15    7    28  19.1         1.97      0.00342          0.2
   19    7    28   9.9         6.61      0.00961         49.7
   21    7    28   8.9         0.09      0.00024          0.0
    1    8    28  13.2         0.58      0.00120          0.0
    3    8    28  15.0       104.20      0.10144       2214.6
   12    8    28  53.3       760.42      0.55460      20950.7
   13    8    28  13.2         4.20      0.00653         17.0
   13    9    28  12.4         6.44      0.00940         34.8
   14    9    28   9.1         0.02      0.00006          0.0
   16   12    28  17.0         0.01      0.00003          0.0
    2    8    29  38.6       785.51      0.57020      32783.3
    9    8    29  16.5         2.39      0.00403          8.5
   14    8    29  11.7         3.45      0.00552         21.4
   27    8    29  21.8       305.95      0.25478       5566.4
    9    9    29  11.4         0.53      0.00112          0.0
   11   12    29  23.9         2.59      0.00432          0.3
   20    1    30   7.1         0.03      0.00009          0.0
    2    3    30  16.5         0.25      0.00059          0.0
   27    3    30  22.4         1.29      0.00237          0.1
   21    5    30  16.0         1.44      0.00261          0.1
   10    7    30  10.9         2.61      0.00434         11.7
   11    7    30   7.6         0.01      0.00005          0.0
   29    7    30  33.0       466.78      0.36552      14184.3
    4    8    30  15.5        84.55      0.08486       1552.6
   11    8    30  13.7         2.31      0.00392          0.3
   12    8    30  26.2       441.99      0.34887       8466.7
   18    8    30  12.7        13.38      0.01756        221.9
   23    8    30  39.9        15.91      0.02037        122.9
   24    8    30   8.6         0.12      0.00031          0.0
   13    9    30  20.3        13.43      0.01762        159.2
    4   12    30  24.6         1.13      0.00212          0.0
    7    1    31  29.5         5.92      0.00875          1.5
   10    1    31  15.5         0.03      0.00010          0.0
   18    1    31  41.9        16.51      0.02102         45.1
    9    7    31  12.2         0.10      0.00027          0.0
   13    7    31  18.5       106.55      0.10340       1490.0
    7    8    31  14.2         6.19      0.00909         58.2
   14    8    31  12.2         1.39      0.00254          0.1
   29    8    31   9.9         1.07      0.00202          3.2
   31    8    31  48.5       196.12      0.17425       2611.7
   11    9    31  11.4         6.73      0.00977         36.4
   19    6    32   8.4         0.02      0.00005          0.0
   20    6    32  23.9       283.02      0.23837       4589.0
   28    7    32   7.9         0.02      0.00006          0.0
   25    8    32  30.5       380.49      0.30695       9767.1
    3    9    32  40.1       110.67      0.10680       1255.0
   10    9    32  14.0         9.44      0.01304        187.5
   12   11    32  19.6         1.70      0.00303          0.1
    5   12    32  39.9         2.90      0.00476          0.4
   18    7    33  17.5         0.07      0.00020          0.0
   19    7    33  18.3         4.08      0.00637          0.8
   20    7    33   7.9         0.01      0.00003          0.0
   11    8    33  10.2         0.02      0.00006          0.0
   15    8    33  19.3         6.03      0.00890         50.9
   18    8    33  11.9         0.02      0.00008          0.0
   23    8    33  15.2         6.88      0.00995          1.9
    7    9    33  15.8        60.05      0.06335       1294.6
    6   11    33  18.5         0.03      0.00010          0.0
   29    6    34  30.5         7.94      0.01125          2.4
    6    7    34  10.2         0.36      0.00080          0.0
   12    7    34  20.6        65.36      0.06810        864.9
   18    8    34  40.9       680.12      0.50416      15367.7
   21    7    35  22.6       140.41      0.13097       1694.9
   14    9    35  26.2        15.02      0.01939        146.5
   21    9    35  45.2       479.67      0.37412       9421.6
   22   12    35  19.3         0.05      0.00016          0.0
   18    7    36   9.9         0.07      0.00019          0.0
   21    7    36   6.6         0.01      0.00003          0.0
   28    7    36  15.2        59.91      0.06322       1079.8
    3    8    36   9.4         1.07      0.00202         11.0
   12    8    36  42.9       509.03      0.39361      10809.5
   16    9    36  21.1        30.49      0.03553        483.0
   14    7    37  35.8       358.34      0.29162       7006.4
   18    7    37  16.0         1.87      0.00327          0.2
   22    7    37  14.7         4.98      0.00755         18.4
   27    7    37  28.4        14.63      0.01896        180.0
    2    8    37  21.6       141.92      0.13218       2816.0
   28    8    37  27.9       230.16      0.19978       3429.3
   31    8    37  12.4         0.08      0.00021          0.0
    2    9    37   9.9         0.75      0.00149          0.0
   17    6    38   6.5         0.01      0.00004          0.0
   29    6    38  30.5       335.11      0.27539       8342.3
   30    7    38  33.9       688.67      0.50957      21873.9
   10    8    38  28.7       457.48      0.35929      15578.1
   11    8    38  13.7         0.71      0.00144          0.0
   20    8    38   6.2         0.01      0.00005          0.0
   27    8    38  18.9        30.84      0.03587        454.0
   28    8    38  14.0         1.34      0.00247          3.5
   29    8    38  14.7        82.51      0.08311       1316.5
   10   10    38  17.0         0.38      0.00084          0.0
   11   10    38  26.9         2.52      0.00422          0.0
   12   10    38  11.7         4.08      0.00637         12.6
   19   10    38  23.4        63.64      0.06657        703.4
   21   10    38   7.7         0.01      0.00004          0.0
   22   10    38  32.4         7.65      0.01090          0.8
    6   11    38  13.0         0.01      0.00003          0.0
    6    1    39   9.8         0.01      0.00004          0.0
    9    1    39  19.2         0.01      0.00002          0.0
   22    6    39   8.9         0.03      0.00008          0.0
    5    7    39  20.2         3.77      0.00596          0.2
    7    7    39  19.6        53.47      0.05737        636.9
   24    7    39   9.8         0.67      0.00135          0.0
    5    8    39  18.9       219.77      0.19206       7446.7
   11    8    39  16.6        10.41      0.01418        241.0
   13    8    39  13.2         0.12      0.00032          4.6
   17    8    39   5.8         0.01      0.00002          0.0
   29    8    39  21.1         3.20      0.00517          0.2
   12    9    39  19.7         2.17      0.00371          0.1
   18    7    40  12.1         1.68      0.00298          9.4
   19    7    40  17.4        22.12      0.02701        316.2
   26    7    40  31.8       146.63      0.13592       1915.0
    4    8    40  29.0       423.30      0.33623      10855.7
   30    8    40  11.0        19.69      0.02445        593.3
    8    9    40  14.0         3.90      0.00612         11.5
   11    9    40  13.0        53.00      0.05694       1109.1
   20    7    41   8.4         0.09      0.00024          3.1
   24    7    41  17.9         9.29      0.01286         69.9
   25    7    41  17.0       220.54      0.19262       6628.3
   23    8    41  17.8       205.36      0.18124       4771.0
   27    8    41  20.3        25.26      0.03023        340.4
   24    9    41  26.9        10.85      0.01468         81.6
   13   11    41  16.8         0.11      0.00028          3.9
    4    4    42   5.0         0.03      0.00010          0.0
   27    7    43  23.0        12.85      0.01697        124.0
    7    8    43  12.7         6.22      0.00913         45.8
   12    8    43  16.6         3.79      0.00598          9.1
   14    8    43  15.9         0.01      0.00005          0.0
    8    9    43  38.7       676.23      0.50169      21383.7
   29    7    44  28.7        16.41      0.02092        119.8
    3    8    44  11.8         0.02      0.00007          0.0
    9    8    44  15.5        98.81      0.09694       2716.6
   15    8    44  12.3         1.76      0.00311          0.1
   16    8    44   8.6         0.15      0.00037          0.0
   12    9    44  14.9        22.66      0.02756        498.9
   11    6    45  13.2         0.01      0.00004          0.0
   18    7    45   6.7         0.02      0.00007          0.0
   20    7    45  16.6         0.04      0.00013          0.0
   23    7    45  14.5        96.31      0.09484       2144.4
   31    7    45  41.7       628.86      0.47152      17110.8
    3    8    45  17.1        14.28      0.01857        154.5
    4    8    45  19.1        22.34      0.02724        274.7
    9    9    45  16.1        76.09      0.07755       1719.5
    1   12    45  10.4         0.02      0.00008          0.0
   10    7    46  11.7         0.09      0.00025          3.1
   19    7    46  46.7       567.96      0.43222      12209.0
   22    7    46  34.2       299.89      0.25046       4330.8
   25    7    46  30.2       498.94      0.38693      14512.6
    2    8    46   7.6         0.04      0.00011          0.0
   27    6    47  46.4       490.52      0.38134       9094.6
    8    7    47  14.6        28.23      0.03327        401.0
   13    8    47  35.4       121.95      0.11612       1380.3
   23    8    47   7.1         0.01      0.00004          0.0
   14    7    48   9.8         0.19      0.00047          0.0
   25    7    48  22.6        74.71      0.07635        791.6
   26    7    48  38.2       780.11      0.56685      27023.8
   27    7    48  21.7       379.78      0.30646      13083.5
   29    7    48  19.6        84.83      0.08510       1023.1
   30    7    48  15.7         2.40      0.00405          0.1
    7    8    48  11.4        27.94      0.03298        610.9
   28    8    48  13.8         6.92      0.01000         42.9
   22    9    48  23.0         8.89      0.01239         40.4
    8    7    49  14.4         4.29      0.00665         17.5
   23    7    49   8.4         0.01      0.00005          0.0
   28    7    49  13.6         0.74      0.00148          0.0
   29    7    49  15.7        14.86      0.01921        132.0
   13    8    49  12.1         2.65      0.00440          0.1
   23    8    49   7.9         0.02      0.00007          0.0
    9    9    49  19.6         7.39      0.01058        114.1
   14    9    49   7.4         0.07      0.00020          2.2
   13   11    49  11.2         0.02      0.00007          0.0
    3    7    50  33.0       390.65      0.31394       6274.4
    4    7    50  15.0        67.06      0.06962        977.3
    7    8    50  10.4         7.73      0.01099         42.4
   15    8    50  11.0         0.01      0.00003          0.0
    3    9    50  31.6       138.23      0.12924       1916.8
    6    9    50  21.8       239.42      0.20663       3869.7
    7    7    51  23.7       125.42      0.11885       1684.5
    9    7    51  12.8        10.07      0.01378        170.9
   11    7    51  13.3         7.85      0.01113         66.9
   19    7    51  13.8         4.59      0.00705         20.9
    2    8    51  24.0       172.27      0.15598       3770.1
   12    8    51  13.2         2.58      0.00431          5.4
   29    8    51  15.7        67.74      0.07022       1026.0
   12    9    51  51.4       384.36      0.30962      11759.3
    1    3    52  20.1         0.05      0.00014          0.0
    3    7    52  10.3         0.09      0.00025          3.1
   12    7    52  10.7         1.50      0.00271          3.7
   25    7    52   8.9         0.01      0.00005          0.0
    1    8    52  31.5       312.08      0.25914       5990.3
   12    8    52  10.8         0.37      0.00082          1.0
   15    8    52  18.4        25.36      0.03035        366.8
   16    8    52  14.7        11.51      0.01544         68.6
   17    8    52  10.4         0.02      0.00008          0.0
    8    9    52  61.1       560.05      0.42707      12936.7
   17    9    52  60.2        39.80      0.04458        317.7
   18    9    52  22.5        14.34      0.01864         75.9
   30    1    53  38.2         3.71      0.00587          0.2
   31    1    53  15.9         1.49      0.00269          0.0
   30    7    53  12.3         3.25      0.00525         13.3
   11    8    53  10.7         0.06      0.00017          1.8
   29    6    54  11.9         4.48      0.00690         24.7
   30    6    54  16.8         3.15      0.00511          7.3
    1    7    54  19.9       220.29      0.19244       3431.1
   16    7    54  13.0         5.86      0.00868         32.7
   17    7    54  14.0         5.07      0.00766         17.0
    2    8    54  13.8         0.02      0.00007          0.0
    9    8    54  11.3         2.95      0.00482         12.7
   12    9    54  25.1       287.12      0.24133      12593.7
   29    9    54  12.6         9.62      0.01325        111.7
    2   10    54   8.6         0.03      0.00011          0.0
    3    7    55  17.3         8.69      0.01215         93.1
   10    7    55  11.6         0.01      0.00003          0.0
   13    7    55  33.1       202.16      0.17883       2381.5
   23    7    55  11.2         1.50      0.00271          0.0
   27    7    55  13.2         0.88      0.00172          0.0
   28    7    55  67.2      1315.11      0.88559      64012.3
   30    7    55  21.1       284.57      0.23949       9592.8
    1    8    55  19.7         7.97      0.01128         44.9
   10    8    55  26.9       325.57      0.26868      12452.2
   12    8    55  69.1       618.53      0.46489      12560.2
