GENERAL SIMULATION INFORMATION

 2012.800   --> VERSION NUMBER
     3   --> NUMBER OF UNIQUE HILLSLOPES IN WATERSHED
     2   --> WATERSHED MAXIMUM SIMULATION TIME (YEARS)
     1   --> BEGINNING YEAR OF WATERSHED CLIMATE FILE

SPECIFIC SIMULATION INFORMATION

HILLSLOPE #      CLIMATE FILE                                       PARTICLE DIAMETER (M)                                            AREA

HILLSLOPE  1     p12.cli                                            0.20000E-05 0.10000E-04 0.30000E-04 0.37800E-03 0.20000E-03      .18860E+05
HILLSLOPE  2     p10.cli                                            0.20000E-05 0.10000E-04 0.30000E-04 0.30000E-03 0.20000E-03      .24444E+05
HILLSLOPE  3     p11.cli                                            0.20000E-05 0.10000E-04 0.30000E-04 0.37800E-03 0.20000E-03      .19850E+05

BEGIN HILLSLOPE HYDROLOGY AND SEDIMENT INFORMATION

NO EVENT      1     1
NO EVENT      1     2
NO EVENT      1     3
NO EVENT      1     4
NO EVENT      1     5
NO EVENT      1     6
NO EVENT      1     7
NO EVENT      1     8
NO EVENT      1     9
NO EVENT      1    10
NO EVENT      1    11
NO EVENT      1    12
NO EVENT      1    13
NO EVENT      1    14
NO EVENT      1    15
NO EVENT      1    16
NO EVENT      1    17
NO EVENT      1    18
NO EVENT      1    19
NO EVENT      1    20
NO EVENT      1    21
NO EVENT      1    22
NO EVENT      1    23
NO EVENT      1    24
NO EVENT      1    25
NO EVENT      1    26
NO EVENT      1    27
NO EVENT      1    28
NO EVENT      1    29
NO EVENT      1    30
NO EVENT      1    31
NO EVENT      1    32
NO EVENT      1    33
NO EVENT      1    34
NO EVENT      1    35
NO EVENT      1    36
NO EVENT      1    37
NO EVENT      1    38
NO EVENT      1    39
NO EVENT      1    40
NO EVENT      1    41
EVENT         1    42
0.00000E+00 0.00000E+00 0.46800E+05
0.00000E+00 0.00000E+00 0.17005E+00
0.00000E+00 0.00000E+00 0.22239E-01
0.00000E+00 0.00000E+00 0.37260E-01
0.00000E+00 0.00000E+00 0.73960E+03
0.00000E+00 0.10887E-05 0.00000E+00
0.00000E+00 0.26612E-01 0.00000E+00
0.00000E+00 0.00000E+00 0.00000E+00
0.00000E+00 0.00000E+00 0.00000E+00
0.00000E+00 0.00000E+00 0.26868E-01
0.00000E+00 0.00000E+00 0.00000E+00
0.00000E+00 0.00000E+00 0.00000E+00
0.00000E+00 0.00000E+00 0.00000E+00 0.00000E+00 0.00000E+00 0.00000E+00 0.00000E+00 0.00000E+00 0.00000E+00 0.00000E+00 0.00000E+00 0.00000E+00 0.00000E+00 0.00000E+00 0.00000E+00
0.00000E+00 0.00000E+00 0.00000E+00 0.00000E+00 0.00000E+00 0.00000E+00 0.00000E+00 0.00000E+00 0.00000E+00 0.00000E+00 0.49140E-01 0.93956E-01 0.30704E+00 0.40602E+00 0.14384E+00
SUBEVENT      1    43
0.00000E+00 0.70753E-06 0.00000E+00
0.00000E+00 0.17295E-01 0.00000E+00
0.00000E+00 0.00000E+00 0.00000E+00
0.00000E+00 0.00000E+00 0.00000E+00
SUBEVENT      1    44
0.00000E+00 0.43976E-06 0.00000E+00
0.00000E+00 0.10749E-01 0.00000E+00
0.00000E+00 0.00000E+00 0.00000E+00
0.00000E+00 0.00000E+00 0.00000E+00
NO EVENT      1    45
NO EVENT      1    46
NO EVENT      1    47
NO EVENT      1    48
NO EVENT      1    49
NO EVENT      1    50
NO EVENT      1    51
NO EVENT      1    52
NO EVENT      1    53
NO EVENT      1    54
NO EVENT      1    55
NO EVENT      1    56
NO EVENT      1    57
NO EVENT      1    58
NO EVENT      1    59
NO EVENT      1    60
NO EVENT      1    61
NO EVENT      1    62
NO EVENT      1    63
NO EVENT      1    64
NO EVENT      1    65
EVENT         1    66
0.36000E+04 0.00000E+00 0.00000E+00
0.32263E+00 0.00000E+00 0.00000E+00
0.47797E+00 0.00000E+00 0.00000E+00
0.29666E-02 0.00000E+00 0.00000E+00
0.55952E+02 0.00000E+00 0.00000E+00
0.00000E+00 0.00000E+00 0.00000E+00
0.00000E+00 0.00000E+00 0.00000E+00
0.00000E+00 0.00000E+00 0.00000E+00
0.00000E+00 0.00000E+00 0.00000E+00
0.23025E-01 0.00000E+00 0.00000E+00
0.00000E+00 0.00000E+00 0.00000E+00
0.00000E+00 0.00000E+00 0.00000E+00
0.00000E+00 0.00000E+00 0.00000E+00 0.00000E+00 0.00000E+00 0.00000E+00 0.00000E+00 0.00000E+00 0.00000E+00 0.00000E+00 0.00000E+00 0.00000E+00 0.00000E+00 0.00000E+00 0.00000E+00
0.49140E-01 0.93956E-01 0.30704E+00 0.40602E+00 0.14384E+00 0.00000E+00 0.00000E+00 0.00000E+00 0.00000E+00 0.00000E+00 0.00000E+00 0.00000E+00 0.00000E+00 0.00000E+00 0.00000E+00
EVENT         1    67
0.57600E+05 0.57600E+05 0.57600E+05
0.40116E+00 0.43861E+00 0.21164E+00
0.67892E-01 0.77366E-01 0.38391E-01
0.17606E-01 0.15815E-01 0.16302E-01
0.33206E+03 0.38658E+03 0.32359E+03
0.00000E+00 0.00000E+00 0.00000E+00
0.00000E+00 0.00000E+00 0.00000E+00
0.00000E+00 0.00000E+00 0.00000E+00
0.00000E+00 0.00000E+00 0.00000E+00
0.15611E-01 0.18941E-01 0.16305E-01
0.00000E+00 0.00000E+00 0.00000E+00
0.00000E+00 0.00000E+00 0.00000E+00
0.00000E+00 0.00000E+00 0.00000E+00 0.00000E+00 0.00000E+00 0.00000E+00 0.00000E+00 0.00000E+00 0.00000E+00 0.00000E+00 0.00000E+00 0.00000E+00 0.00000E+00 0.00000E+00 0.00000E+00
0.49140E-01 0.93956E-01 0.30704E+00 0.40602E+00 0.14384E+00 0.29900E-01 0.40400E+00 0.20700E+00 0.21035E+00 0.14875E+00 0.49140E-01 0.93956E-01 0.30704E+00 0.40602E+00 0.14384E+00
NO EVENT      1    68
EVENT         1    69
0.10800E+05 0.72000E+04 0.72000E+04
0.31185E+00 0.29207E+00 0.14454E+00
0.17568E+00 0.16887E+00 0.84125E-01
0.11436E-01 0.12270E-01 0.12429E-01
0.21569E+03 0.29992E+03 0.24671E+03
0.00000E+00 0.00000E+00 0.00000E+00
0.00000E+00 0.00000E+00 0.00000E+00
0.00000E+00 0.00000E+00 0.00000E+00
0.00000E+00 0.00000E+00 0.00000E+00
0.33754E-01 0.48170E-01 0.39886E-01
0.00000E+00 0.00000E+00 0.00000E+00
0.00000E+00 0.00000E+00 0.00000E+00
0.00000E+00 0.00000E+00 0.00000E+00 0.00000E+00 0.00000E+00 0.00000E+00 0.00000E+00 0.00000E+00 0.00000E+00 0.00000E+00 0.00000E+00 0.00000E+00 0.00000E+00 0.00000E+00 0.00000E+00
0.49140E-01 0.93956E-01 0.30704E+00 0.40602E+00 0.14384E+00 0.29900E-01 0.40400E+00 0.20700E+00 0.21035E+00 0.14875E+00 0.49140E-01 0.93956E-01 0.30704E+00 0.40602E+00 0.14384E+00
NO EVENT      1    70
EVENT         1    71
0.28800E+05 0.25200E+05 0.25200E+05
0.41563E+00 0.43205E+00 0.21329E+00
0.19474E+00 0.21430E+00 0.11162E+00
0.82506E-02 0.75608E-02 0.76011E-02
0.15561E+03 0.18481E+03 0.15088E+03
0.00000E+00 0.00000E+00 0.00000E+00
0.00000E+00 0.00000E+00 0.00000E+00
0.00000E+00 0.00000E+00 0.00000E+00
0.00000E+00 0.00000E+00 0.00000E+00
0.20253E-01 0.25463E-01 0.21933E-01
0.00000E+00 0.00000E+00 0.00000E+00
0.00000E+00 0.00000E+00 0.00000E+00
0.00000E+00 0.00000E+00 0.00000E+00 0.00000E+00 0.00000E+00 0.00000E+00 0.00000E+00 0.00000E+00 0.00000E+00 0.00000E+00 0.00000E+00 0.00000E+00 0.00000E+00 0.00000E+00 0.00000E+00
0.49140E-01 0.93956E-01 0.30704E+00 0.40602E+00 0.14384E+00 0.29900E-01 0.40400E+00 0.20700E+00 0.21035E+00 0.14875E+00 0.49140E-01 0.93956E-01 0.30704E+00 0.40602E+00 0.14384E+00
NO EVENT      1    72
EVENT         1    73
0.21600E+05 0.36000E+05 0.39600E+05
0.44994E+00 0.42380E+00 0.20130E+00
0.25454E+00 0.98889E-01 0.40307E-01
0.37188E-02 0.10259E-01 0.13215E-01
0.70137E+02 0.25078E+03 0.26230E+03
0.00000E+00 0.00000E+00 0.00000E+00
0.00000E+00 0.00000E+00 0.00000E+00
0.00000E+00 0.00000E+00 0.00000E+00
0.00000E+00 0.00000E+00 0.00000E+00
0.11022E-01 0.16254E-01 0.14589E-01
0.00000E+00 0.00000E+00 0.00000E+00
0.00000E+00 0.00000E+00 0.00000E+00
0.00000E+00 0.00000E+00 0.00000E+00 0.00000E+00 0.00000E+00 0.00000E+00 0.00000E+00 0.00000E+00 0.00000E+00 0.00000E+00 0.00000E+00 0.00000E+00 0.00000E+00 0.00000E+00 0.00000E+00
0.49140E-01 0.93956E-01 0.30704E+00 0.40602E+00 0.14384E+00 0.29900E-01 0.40400E+00 0.20700E+00 0.21035E+00 0.14875E+00 0.49140E-01 0.93956E-01 0.30704E+00 0.40602E+00 0.14384E+00
NO EVENT      1    74
NO EVENT      1    75
NO EVENT      1    76
NO EVENT      1    77
NO EVENT      1    78
NO EVENT      1    79
NO EVENT      1    80
NO EVENT      1    81
NO EVENT      1    82
NO EVENT      1    83
NO EVENT      1    84
NO EVENT      1    85
NO EVENT      1    86
NO EVENT      1    87
NO EVENT      1    88
NO EVENT      1    89
NO EVENT      1    90
NO EVENT      1    91
NO EVENT      1    92
NO EVENT      1    93
NO EVENT      1    94
NO EVENT      1    95
NO EVENT      1    96
NO EVENT      1    97
NO EVENT      1    98
NO EVENT      1    99
NO EVENT      1   100
NO EVENT      1   101
NO EVENT      1   102
NO EVENT      1   103
NO EVENT      1   104
NO EVENT      1   105
NO EVENT      1   106
NO EVENT      1   107
NO EVENT      1   108
NO EVENT      1   109
NO EVENT      1   110
NO EVENT      1   111
NO EVENT      1   112
NO EVENT      1   113
NO EVENT      1   114
NO EVENT      1   115
NO EVENT      1   116
NO EVENT      1   117
EVENT         1   118
0.00000E+00 0.00000E+00 0.32040E+04
0.00000E+00 0.00000E+00 0.18296E+00
0.00000E+00 0.00000E+00 0.26464E+00
0.00000E+00 0.00000E+00 0.14556E-02
0.00000E+00 0.00000E+00 0.28894E+02
0.00000E+00 0.00000E+00 0.00000E+00
0.00000E+00 0.00000E+00 0.00000E+00
0.00000E+00 0.00000E+00 0.00000E+00
0.00000E+00 0.00000E+00 0.00000E+00
0.00000E+00 0.00000E+00 0.11609E-01
0.00000E+00 0.00000E+00 0.69912E+02
0.00000E+00 0.00000E+00 0.00000E+00
0.00000E+00 0.00000E+00 0.00000E+00 0.00000E+00 0.00000E+00 0.00000E+00 0.00000E+00 0.00000E+00 0.00000E+00 0.00000E+00 0.11891E+00 0.22733E+00 0.74306E+00 0.98236E+00 0.34799E+00
0.00000E+00 0.00000E+00 0.00000E+00 0.00000E+00 0.00000E+00 0.00000E+00 0.00000E+00 0.00000E+00 0.00000E+00 0.00000E+00 0.49142E-01 0.93951E-01 0.30709E+00 0.40599E+00 0.14382E+00
NO EVENT      1   119
NO EVENT      1   120
NO EVENT      1   121
EVENT         1   122
0.12204E+05 0.12204E+05 0.12204E+05
0.38607E+00 0.33501E+00 0.17720E+00
0.51471E+00 0.52589E+00 0.67470E+00
0.54535E-02 0.55523E-02 0.17267E-01
0.10285E+03 0.13572E+03 0.34273E+03
0.00000E+00 0.00000E+00 0.00000E+00
0.00000E+00 0.00000E+00 0.00000E+00
0.00000E+00 0.00000E+00 0.00000E+00
0.00000E+00 0.00000E+00 0.00000E+00
0.38091E-01 0.59180E-01 0.36250E+00
0.32952E+03 0.28765E+04 0.72286E+04
0.00000E+00 -.98009E+03 0.00000E+00
0.15748E+00 0.30096E+00 0.98433E+00 0.13005E+01 0.46054E+00 0.67935E+00 0.75407E+01 0.43563E+01 0.11921E+01 0.20437E+00 0.10365E+01 0.19817E+01 0.64764E+01 0.85629E+01 0.30336E+01
0.49155E-01 0.93938E-01 0.30724E+00 0.40591E+00 0.14375E+00 0.48619E-01 0.53967E+00 0.31177E+00 0.85317E-01 0.14626E-01 0.49144E-01 0.93959E-01 0.30707E+00 0.40600E+00 0.14383E+00
NO EVENT      1   123
NO EVENT      1   124
NO EVENT      1   125
NO EVENT      1   126
NO EVENT      1   127
NO EVENT      1   128
NO EVENT      1   129
NO EVENT      1   130
NO EVENT      1   131
NO EVENT      1   132
NO EVENT      1   133
NO EVENT      1   134
NO EVENT      1   135
NO EVENT      1   136
NO EVENT      1   137
NO EVENT      1   138
NO EVENT      1   139
NO EVENT      1   140
NO EVENT      1   141
NO EVENT      1   142
NO EVENT      1   143
NO EVENT      1   144
NO EVENT      1   145
NO EVENT      1   146
NO EVENT      1   147
NO EVENT      1   148
NO EVENT      1   149
EVENT         1   150
0.00000E+00 0.10440E+05 0.10440E+05
0.00000E+00 0.20056E+00 0.14932E+00
0.00000E+00 0.37005E+00 0.28287E+00
0.00000E+00 0.17559E-01 0.27972E-01
0.00000E+00 0.42922E+03 0.55523E+03
0.00000E+00 0.00000E+00 0.00000E+00
0.00000E+00 0.00000E+00 0.00000E+00
0.00000E+00 0.00000E+00 0.00000E+00
0.00000E+00 0.00000E+00 0.00000E+00
0.00000E+00 0.21998E+00 0.29218E+00
0.00000E+00 0.47560E+05 0.55678E+05
0.00000E+00 -.15891E+05 -.74665E+04
0.00000E+00 0.00000E+00 0.00000E+00 0.00000E+00 0.00000E+00 0.34020E+01 0.44093E+02 0.23552E+02 0.22325E+01 0.50432E+00 0.51779E+01 0.98985E+01 0.32354E+02 0.33865E+02 0.55353E+01
0.00000E+00 0.00000E+00 0.00000E+00 0.00000E+00 0.00000E+00 0.46107E-01 0.59760E+00 0.31920E+00 0.30258E-01 0.68352E-02 0.59633E-01 0.11400E+00 0.37261E+00 0.39001E+00 0.63749E-01
NO EVENT      1   151
NO EVENT      1   152
NO EVENT      1   153
NO EVENT      1   154
NO EVENT      1   155
NO EVENT      1   156
NO EVENT      1   157
NO EVENT      1   158
NO EVENT      1   159
NO EVENT      1   160
NO EVENT      1   161
NO EVENT      1   162
EVENT         1   163
0.00000E+00 0.00000E+00 0.37440E+04
0.00000E+00 0.00000E+00 0.16145E+00
0.00000E+00 0.00000E+00 0.29598E+00
0.00000E+00 0.00000E+00 0.41942E-02
0.00000E+00 0.00000E+00 0.83253E+02
0.00000E+00 0.00000E+00 0.00000E+00
0.00000E+00 0.00000E+00 0.00000E+00
0.00000E+00 0.00000E+00 0.00000E+00
0.00000E+00 0.00000E+00 0.00000E+00
0.00000E+00 0.00000E+00 0.42396E-01
0.00000E+00 0.00000E+00 0.10316E+04
0.00000E+00 0.00000E+00 0.00000E+00
0.00000E+00 0.00000E+00 0.00000E+00 0.00000E+00 0.00000E+00 0.00000E+00 0.00000E+00 0.00000E+00 0.00000E+00 0.00000E+00 0.63679E+00 0.12174E+01 0.39792E+01 0.48425E+01 0.17154E+01
0.00000E+00 0.00000E+00 0.00000E+00 0.00000E+00 0.00000E+00 0.00000E+00 0.00000E+00 0.00000E+00 0.00000E+00 0.00000E+00 0.51391E-01 0.98247E-01 0.32113E+00 0.39080E+00 0.13844E+00
NO EVENT      1   164
NO EVENT      1   165
NO EVENT      1   166
NO EVENT      1   167
NO EVENT      1   168
NO EVENT      1   169
NO EVENT      1   170
NO EVENT      1   171
NO EVENT      1   172
NO EVENT      1   173
NO EVENT      1   174
NO EVENT      1   175
NO EVENT      1   176
NO EVENT      1   177
NO EVENT      1   178
NO EVENT      1   179
NO EVENT      1   180
NO EVENT      1   181
NO EVENT      1   182
NO EVENT      1   183
NO EVENT      1   184
NO EVENT      1   185
NO EVENT      1   186
NO EVENT      1   187
NO EVENT      1   188
NO EVENT      1   189
NO EVENT      1   190
NO EVENT      1   191
NO EVENT      1   192
NO EVENT      1   193
NO EVENT      1   194
NO EVENT      1   195
NO EVENT      1   196
NO EVENT      1   197
EVENT         1   198
0.00000E+00 0.00000E+00 0.67320E+04
0.00000E+00 0.00000E+00 0.24237E+00
0.00000E+00 0.00000E+00 0.18666E+00
0.00000E+00 0.00000E+00 0.10370E-02
0.00000E+00 0.00000E+00 0.20585E+02
0.00000E+00 0.00000E+00 0.00000E+00
0.00000E+00 0.00000E+00 0.00000E+00
0.00000E+00 0.00000E+00 0.00000E+00
0.00000E+00 0.00000E+00 0.00000E+00
0.00000E+00 0.00000E+00 0.44036E-02
0.00000E+00 0.00000E+00 0.11565E+04
0.00000E+00 0.00000E+00 -.17530E+03
0.00000E+00 0.00000E+00 0.00000E+00 0.00000E+00 0.00000E+00 0.00000E+00 0.00000E+00 0.00000E+00 0.00000E+00 0.00000E+00 0.38807E+01 0.41169E+01 0.24305E+02 0.13939E+02 0.14237E+01
0.00000E+00 0.00000E+00 0.00000E+00 0.00000E+00 0.00000E+00 0.00000E+00 0.00000E+00 0.00000E+00 0.00000E+00 0.00000E+00 0.81417E-01 0.86372E-01 0.50991E+00 0.29243E+00 0.29869E-01
NO EVENT      1   199
NO EVENT      1   200
EVENT         1   201
0.00000E+00 0.00000E+00 0.57600E+04
0.00000E+00 0.00000E+00 0.18793E+00
0.00000E+00 0.00000E+00 0.44587E+00
0.00000E+00 0.00000E+00 0.43075E-02
0.00000E+00 0.00000E+00 0.85502E+02
0.00000E+00 0.00000E+00 0.00000E+00
0.00000E+00 0.00000E+00 0.00000E+00
0.00000E+00 0.00000E+00 0.00000E+00
0.00000E+00 0.00000E+00 0.00000E+00
0.00000E+00 0.00000E+00 0.56349E-01
0.00000E+00 0.00000E+00 0.71240E+04
0.00000E+00 0.00000E+00 -.12298E+04
0.00000E+00 0.00000E+00 0.00000E+00 0.00000E+00 0.00000E+00 0.00000E+00 0.00000E+00 0.00000E+00 0.00000E+00 0.00000E+00 0.43679E+01 0.83482E+01 0.27295E+02 0.25011E+02 0.39146E+01
0.00000E+00 0.00000E+00 0.00000E+00 0.00000E+00 0.00000E+00 0.00000E+00 0.00000E+00 0.00000E+00 0.00000E+00 0.00000E+00 0.63361E-01 0.12110E+00 0.39595E+00 0.36281E+00 0.56785E-01
NO EVENT      1   202
NO EVENT      1   203
NO EVENT      1   204
NO EVENT      1   205
NO EVENT      1   206
NO EVENT      1   207
NO EVENT      1   208
NO EVENT      1   209
NO EVENT      1   210
NO EVENT      1   211
NO EVENT      1   212
NO EVENT      1   213
NO EVENT      1   214
NO EVENT      1   215
EVENT         1   216
0.00000E+00 0.78120E+04 0.78120E+04
0.00000E+00 0.29371E+00 0.18240E+00
0.00000E+00 0.29213E+00 0.57647E+00
0.00000E+00 0.10391E-02 0.80202E-02
0.00000E+00 0.25399E+02 0.15920E+03
0.00000E+00 0.00000E+00 0.00000E+00
0.00000E+00 0.00000E+00 0.00000E+00
0.00000E+00 0.00000E+00 0.00000E+00
0.00000E+00 0.00000E+00 0.00000E+00
0.00000E+00 0.70173E-02 0.13976E+00
0.00000E+00 0.52717E+02 0.14063E+05
0.00000E+00 0.00000E+00 -.16697E+04
0.00000E+00 0.00000E+00 0.00000E+00 0.00000E+00 0.00000E+00 0.67133E-01 0.90690E+00 0.46493E+00 0.37299E+00 0.26363E+00 0.44616E+01 0.85295E+01 0.27878E+02 0.31859E+02 0.51178E+01
0.00000E+00 0.00000E+00 0.00000E+00 0.00000E+00 0.00000E+00 0.32344E-01 0.43694E+00 0.22400E+00 0.17970E+00 0.12701E+00 0.57312E-01 0.10957E+00 0.35812E+00 0.40926E+00 0.65743E-01
NO EVENT      1   217
NO EVENT      1   218
NO EVENT      1   219
NO EVENT      1   220
NO EVENT      1   221
NO EVENT      1   222
NO EVENT      1   223
NO EVENT      1   224
NO EVENT      1   225
NO EVENT      1   226
NO EVENT      1   227
NO EVENT      1   228
NO EVENT      1   229
NO EVENT      1   230
NO EVENT      1   231
NO EVENT      1   232
NO EVENT      1   233
NO EVENT      1   234
NO EVENT      1   235
NO EVENT      1   236
NO EVENT      1   237
NO EVENT      1   238
NO EVENT      1   239
EVENT         1   240
0.00000E+00 0.15120E+05 0.15120E+05
0.00000E+00 0.33782E+00 0.19812E+00
0.00000E+00 0.14498E+01 0.50862E+00
0.00000E+00 0.17083E-02 0.11530E-01
0.00000E+00 0.41757E+02 0.22887E+03
0.00000E+00 0.00000E+00 0.00000E+00
0.00000E+00 0.00000E+00 0.00000E+00
0.00000E+00 0.00000E+00 0.00000E+00
0.00000E+00 0.00000E+00 0.00000E+00
0.00000E+00 0.49781E-01 0.16321E+00
0.00000E+00 0.13895E+04 0.22787E+05
0.00000E+00 -.23039E+03 -.42761E+04
0.00000E+00 0.00000E+00 0.00000E+00 0.00000E+00 0.00000E+00 0.99878E+00 0.13495E+02 0.69147E+01 0.52488E+01 0.11010E+01 0.51067E+01 0.97628E+01 0.31909E+02 0.29363E+02 0.47350E+01
0.00000E+00 0.00000E+00 0.00000E+00 0.00000E+00 0.00000E+00 0.35981E-01 0.48616E+00 0.24910E+00 0.18909E+00 0.39663E-01 0.63142E-01 0.12071E+00 0.39454E+00 0.36306E+00 0.58546E-01
NO EVENT      1   241
NO EVENT      1   242
NO EVENT      1   243
NO EVENT      1   244
NO EVENT      1   245
NO EVENT      1   246
NO EVENT      1   247
NO EVENT      1   248
NO EVENT      1   249
NO EVENT      1   250
NO EVENT      1   251
NO EVENT      1   252
NO EVENT      1   253
NO EVENT      1   254
NO EVENT      1   255
NO EVENT      1   256
NO EVENT      1   257
NO EVENT      1   258
NO EVENT      1   259
NO EVENT      1   260
NO EVENT      1   261
NO EVENT      1   262
NO EVENT      1   263
EVENT         1   264
0.00000E+00 0.74160E+04 0.74160E+04
0.00000E+00 0.22083E+00 0.22751E+00
0.00000E+00 0.37450E+00 0.28317E+00
0.00000E+00 0.47145E-02 0.18642E-02
0.00000E+00 0.11524E+03 0.37003E+02
0.00000E+00 0.16944E-06 0.00000E+00
0.00000E+00 0.41417E-02 0.00000E+00
0.00000E+00 0.00000E+00 0.00000E+00
0.00000E+00 0.00000E+00 0.00000E+00
0.00000E+00 0.54288E-01 0.12793E-01
0.00000E+00 0.29335E+04 0.39736E+03
0.00000E+00 -.23102E+03 0.00000E+00
0.00000E+00 0.00000E+00 0.00000E+00 0.00000E+00 0.00000E+00 0.76220E+00 0.10298E+02 0.52768E+01 0.53479E+01 0.17653E+01 0.68041E+00 0.13004E+01 0.42531E+01 0.33267E+01 0.11779E+01
0.00000E+00 0.00000E+00 0.00000E+00 0.00000E+00 0.00000E+00 0.32502E-01 0.43916E+00 0.22502E+00 0.22805E+00 0.75276E-01 0.63362E-01 0.12110E+00 0.39606E+00 0.30979E+00 0.10969E+00
NO EVENT      1   265
NO EVENT      1   266
NO EVENT      1   267
NO EVENT      1   268
NO EVENT      1   269
NO EVENT      1   270
NO EVENT      1   271
NO EVENT      1   272
NO EVENT      1   273
NO EVENT      1   274
NO EVENT      1   275
NO EVENT      1   276
NO EVENT      1   277
NO EVENT      1   278
NO EVENT      1   279
NO EVENT      1   280
NO EVENT      1   281
NO EVENT      1   282
NO EVENT      1   283
EVENT         1   284
0.00000E+00 0.00000E+00 0.18360E+05
0.00000E+00 0.00000E+00 0.24353E+00
0.00000E+00 0.00000E+00 0.49172E+00
0.00000E+00 0.00000E+00 0.48166E-02
0.00000E+00 0.00000E+00 0.95608E+02
0.00000E+00 0.00000E+00 0.00000E+00
0.00000E+00 0.00000E+00 0.00000E+00
0.00000E+00 0.00000E+00 0.00000E+00
0.00000E+00 0.00000E+00 0.00000E+00
0.00000E+00 0.00000E+00 0.53624E-01
0.00000E+00 0.00000E+00 0.55581E+04
0.00000E+00 0.00000E+00 -.53041E+02
0.00000E+00 0.00000E+00 0.00000E+00 0.00000E+00 0.00000E+00 0.00000E+00 0.00000E+00 0.00000E+00 0.00000E+00 0.00000E+00 0.29041E+01 0.55524E+01 0.18146E+02 0.23327E+02 0.76501E+01
0.00000E+00 0.00000E+00 0.00000E+00 0.00000E+00 0.00000E+00 0.00000E+00 0.00000E+00 0.00000E+00 0.00000E+00 0.00000E+00 0.50436E-01 0.96430E-01 0.31515E+00 0.40513E+00 0.13286E+00
EVENT         1   285
0.21384E+05 0.21384E+05 0.21384E+05
0.80822E+00 0.22359E+00 0.18740E+00
0.78357E+00 0.78450E+00 0.62775E+00
0.57173E-02 0.22366E-01 0.25594E-01
0.10783E+03 0.54672E+03 0.50804E+03
0.12351E-05 0.98884E-06 0.00000E+00
0.23295E-01 0.24171E-01 0.00000E+00
0.00000E+00 0.00000E+00 0.00000E+00
0.00000E+00 0.00000E+00 0.00000E+00
0.29039E-01 0.53285E+00 0.47272E+00
0.36312E+03 0.16256E+05 0.47268E+05
-.72518E+02 -.18807E+03 -.17528E+04
0.17820E+00 0.33843E+00 0.11173E+01 0.10090E+01 0.51996E-01 0.89002E+00 0.12025E+02 0.61617E+01 0.62587E+01 0.40536E+01 0.48131E+01 0.91994E+01 0.30074E+02 0.37906E+02 0.75964E+01
0.66124E-01 0.12558E+00 0.41459E+00 0.37441E+00 0.19294E-01 0.30284E-01 0.40916E+00 0.20966E+00 0.21296E+00 0.13793E+00 0.53724E-01 0.10268E+00 0.33569E+00 0.42311E+00 0.84792E-01
NO EVENT      1   286
NO EVENT      1   287
NO EVENT      1   288
NO EVENT      1   289
NO EVENT      1   290
EVENT         1   291
0.00000E+00 0.00000E+00 0.55800E+04
0.00000E+00 0.00000E+00 0.18146E+00
0.00000E+00 0.00000E+00 0.44494E+00
0.00000E+00 0.00000E+00 0.40830E-02
0.00000E+00 0.00000E+00 0.81047E+02
0.00000E+00 0.00000E+00 0.00000E+00
0.00000E+00 0.00000E+00 0.00000E+00
0.00000E+00 0.00000E+00 0.00000E+00
0.00000E+00 0.00000E+00 0.00000E+00
0.00000E+00 0.00000E+00 0.55201E-01
0.00000E+00 0.00000E+00 0.23898E+04
0.00000E+00 0.00000E+00 0.00000E+00
0.00000E+00 0.00000E+00 0.00000E+00 0.00000E+00 0.00000E+00 0.00000E+00 0.00000E+00 0.00000E+00 0.00000E+00 0.00000E+00 0.14885E+01 0.28453E+01 0.93023E+01 0.11704E+02 0.41460E+01
0.00000E+00 0.00000E+00 0.00000E+00 0.00000E+00 0.00000E+00 0.00000E+00 0.00000E+00 0.00000E+00 0.00000E+00 0.00000E+00 0.50482E-01 0.96494E-01 0.31548E+00 0.39694E+00 0.14061E+00
NO EVENT      1   292
NO EVENT      1   293
NO EVENT      1   294
NO EVENT      1   295
NO EVENT      1   296
NO EVENT      1   297
EVENT         1   298
0.00000E+00 0.00000E+00 0.11520E+05
0.00000E+00 0.00000E+00 0.23273E+00
0.00000E+00 0.00000E+00 0.44099E+00
0.00000E+00 0.00000E+00 0.24384E-02
0.00000E+00 0.00000E+00 0.48401E+02
0.00000E+00 0.75463E-06 0.00000E+00
0.00000E+00 0.18446E-01 0.00000E+00
0.00000E+00 0.00000E+00 0.00000E+00
0.00000E+00 0.00000E+00 0.00000E+00
0.00000E+00 0.00000E+00 0.25476E-01
0.00000E+00 0.00000E+00 0.76414E+03
0.00000E+00 0.00000E+00 0.00000E+00
0.00000E+00 0.00000E+00 0.00000E+00 0.00000E+00 0.00000E+00 0.00000E+00 0.00000E+00 0.00000E+00 0.00000E+00 0.00000E+00 0.80615E+00 0.15404E+01 0.50402E+01 0.62042E+01 0.21967E+01
0.00000E+00 0.00000E+00 0.00000E+00 0.00000E+00 0.00000E+00 0.00000E+00 0.00000E+00 0.00000E+00 0.00000E+00 0.00000E+00 0.51062E-01 0.97568E-01 0.31925E+00 0.39298E+00 0.13914E+00
NO EVENT      1   299
NO EVENT      1   300
NO EVENT      1   301
NO EVENT      1   302
NO EVENT      1   303
NO EVENT      1   304
NO EVENT      1   305
NO EVENT      1   306
NO EVENT      1   307
NO EVENT      1   308
NO EVENT      1   309
NO EVENT      1   310
NO EVENT      1   311
NO EVENT      1   312
NO EVENT      1   313
NO EVENT      1   314
NO EVENT      1   315
NO EVENT      1   316
NO EVENT      1   317
NO EVENT      1   318
NO EVENT      1   319
NO EVENT      1   320
NO EVENT      1   321
NO EVENT      1   322
NO EVENT      1   323
NO EVENT      1   324
NO EVENT      1   325
NO EVENT      1   326
NO EVENT      1   327
NO EVENT      1   328
NO EVENT      1   329
NO EVENT      1   330
NO EVENT      1   331
NO EVENT      1   332
NO EVENT      1   333
NO EVENT      1   334
NO EVENT      1   335
NO EVENT      1   336
NO EVENT      1   337
NO EVENT      1   338
NO EVENT      1   339
NO EVENT      1   340
NO EVENT      1   341
NO EVENT      1   342
NO EVENT      1   343
NO EVENT      1   344
NO EVENT      1   345
NO EVENT      1   346
NO EVENT      1   347
NO EVENT      1   348
NO EVENT      1   349
NO EVENT      1   350
NO EVENT      1   351
NO EVENT      1   352
NO EVENT      1   353
NO EVENT      1   354
NO EVENT      1   355
NO EVENT      1   356
NO EVENT      1   357
NO EVENT      1   358
NO EVENT      1   359
NO EVENT      1   360
NO EVENT      1   361
NO EVENT      1   362
NO EVENT      1   363
NO EVENT      1   364
EVENT         1   365
0.00000E+00 0.00000E+00 0.25200E+05
0.00000E+00 0.00000E+00 0.25703E+00
0.00000E+00 0.00000E+00 0.25352E+00
0.00000E+00 0.00000E+00 0.31579E-02
0.00000E+00 0.00000E+00 0.62682E+02
0.00000E+00 0.00000E+00 0.00000E+00
0.00000E+00 0.00000E+00 0.00000E+00
0.00000E+00 0.00000E+00 0.00000E+00
0.00000E+00 0.00000E+00 0.00000E+00
0.00000E+00 0.00000E+00 0.17174E-01
0.00000E+00 0.00000E+00 0.00000E+00
0.00000E+00 0.00000E+00 0.00000E+00
0.00000E+00 0.00000E+00 0.00000E+00 0.00000E+00 0.00000E+00 0.00000E+00 0.00000E+00 0.00000E+00 0.00000E+00 0.00000E+00 0.00000E+00 0.00000E+00 0.00000E+00 0.00000E+00 0.00000E+00
0.00000E+00 0.00000E+00 0.00000E+00 0.00000E+00 0.00000E+00 0.00000E+00 0.00000E+00 0.00000E+00 0.00000E+00 0.00000E+00 0.49140E-01 0.93956E-01 0.30704E+00 0.40602E+00 0.14384E+00
NO EVENT      2     1
NO EVENT      2     2
NO EVENT      2     3
NO EVENT      2     4
NO EVENT      2     5
NO EVENT      2     6
NO EVENT      2     7
NO EVENT      2     8
EVENT         2     9
0.00000E+00 0.00000E+00 0.28800E+05
0.00000E+00 0.00000E+00 0.19971E+00
0.00000E+00 0.00000E+00 0.48736E-01
0.00000E+00 0.00000E+00 0.87641E-02
0.00000E+00 0.00000E+00 0.17396E+03
0.00000E+00 0.00000E+00 0.00000E+00
0.00000E+00 0.00000E+00 0.00000E+00
0.00000E+00 0.00000E+00 0.00000E+00
0.00000E+00 0.00000E+00 0.00000E+00
0.00000E+00 0.00000E+00 0.11793E-01
0.00000E+00 0.00000E+00 0.00000E+00
0.00000E+00 0.00000E+00 0.00000E+00
0.00000E+00 0.00000E+00 0.00000E+00 0.00000E+00 0.00000E+00 0.00000E+00 0.00000E+00 0.00000E+00 0.00000E+00 0.00000E+00 0.00000E+00 0.00000E+00 0.00000E+00 0.00000E+00 0.00000E+00
0.00000E+00 0.00000E+00 0.00000E+00 0.00000E+00 0.00000E+00 0.00000E+00 0.00000E+00 0.00000E+00 0.00000E+00 0.00000E+00 0.49140E-01 0.93956E-01 0.30704E+00 0.40602E+00 0.14384E+00
NO EVENT      2    10
NO EVENT      2    11
NO EVENT      2    12
NO EVENT      2    13
NO EVENT      2    14
NO EVENT      2    15
NO EVENT      2    16
NO EVENT      2    17
NO EVENT      2    18
NO EVENT      2    19
NO EVENT      2    20
NO EVENT      2    21
NO EVENT      2    22
NO EVENT      2    23
NO EVENT      2    24
NO EVENT      2    25
NO EVENT      2    26
NO EVENT      2    27
NO EVENT      2    28
NO EVENT      2    29
NO EVENT      2    30
NO EVENT      2    31
NO EVENT      2    32
NO EVENT      2    33
NO EVENT      2    34
NO EVENT      2    35
NO EVENT      2    36
NO EVENT      2    37
NO EVENT      2    38
NO EVENT      2    39
NO EVENT      2    40
NO EVENT      2    41
NO EVENT      2    42
NO EVENT      2    43
NO EVENT      2    44
NO EVENT      2    45
NO EVENT      2    46
NO EVENT      2    47
NO EVENT      2    48
NO EVENT      2    49
NO EVENT      2    50
NO EVENT      2    51
EVENT         2    52
0.28800E+05 0.00000E+00 0.25200E+05
0.59014E+00 0.00000E+00 0.27583E+00
0.23564E+00 0.00000E+00 0.17920E+00
0.41658E-02 0.00000E+00 0.16965E-02
0.78568E+02 0.00000E+00 0.33675E+02
0.00000E+00 0.00000E+00 0.00000E+00
0.00000E+00 0.00000E+00 0.00000E+00
0.00000E+00 0.00000E+00 0.00000E+00
0.00000E+00 0.00000E+00 0.00000E+00
0.87143E-02 0.00000E+00 0.60772E-02
0.00000E+00 0.00000E+00 0.00000E+00
0.00000E+00 0.00000E+00 0.00000E+00
0.00000E+00 0.00000E+00 0.00000E+00 0.00000E+00 0.00000E+00 0.00000E+00 0.00000E+00 0.00000E+00 0.00000E+00 0.00000E+00 0.00000E+00 0.00000E+00 0.00000E+00 0.00000E+00 0.00000E+00
0.49140E-01 0.93956E-01 0.30704E+00 0.40602E+00 0.14384E+00 0.00000E+00 0.00000E+00 0.00000E+00 0.00000E+00 0.00000E+00 0.49140E-01 0.93956E-01 0.30704E+00 0.40602E+00 0.14384E+00
NO EVENT      2    53
EVENT         2    54
0.54000E+05 0.57600E+05 0.57600E+05
0.56682E+00 0.28402E+00 0.22191E+00
0.24803E+00 0.13646E+00 0.95908E-01
0.13537E-01 0.93201E-02 0.17143E-01
0.25531E+03 0.22782E+03 0.34028E+03
0.46444E-11 0.00000E+00 0.00000E+00
0.87596E-07 0.00000E+00 0.00000E+00
0.00000E+00 0.00000E+00 0.00000E+00
0.00000E+00 0.00000E+00 0.00000E+00
0.31033E-01 0.30405E-01 0.40852E-01
0.00000E+00 0.29825E+04 0.59815E+01
0.00000E+00 0.00000E+00 0.00000E+00
0.00000E+00 0.00000E+00 0.00000E+00 0.00000E+00 0.00000E+00 0.39144E+00 0.52890E+01 0.27099E+01 0.27537E+01 0.19474E+01 0.86377E-03 0.16515E-02 0.53972E-02 0.71369E-02 0.25284E-02
0.49140E-01 0.93956E-01 0.30704E+00 0.40602E+00 0.14384E+00 0.29900E-01 0.40400E+00 0.20700E+00 0.21035E+00 0.14875E+00 0.49140E-01 0.93956E-01 0.30704E+00 0.40602E+00 0.14384E+00
NO EVENT      2    55
NO EVENT      2    56
NO EVENT      2    57
NO EVENT      2    58
NO EVENT      2    59
NO EVENT      2    60
EVENT         2    61
0.10800E+05 0.00000E+00 0.14400E+05
0.60301E+00 0.00000E+00 0.23679E+00
0.58394E+00 0.00000E+00 0.24033E+00
0.13173E-02 0.00000E+00 0.22721E-02
0.24845E+02 0.00000E+00 0.45100E+02
0.46162E-11 0.00000E+00 0.00000E+00
0.87063E-07 0.00000E+00 0.00000E+00
0.00000E+00 0.00000E+00 0.00000E+00
0.00000E+00 0.00000E+00 0.00000E+00
0.66832E-02 0.00000E+00 0.12715E-01
0.00000E+00 0.00000E+00 0.00000E+00
0.00000E+00 0.00000E+00 0.00000E+00
0.00000E+00 0.00000E+00 0.00000E+00 0.00000E+00 0.00000E+00 0.00000E+00 0.00000E+00 0.00000E+00 0.00000E+00 0.00000E+00 0.00000E+00 0.00000E+00 0.00000E+00 0.00000E+00 0.00000E+00
0.49140E-01 0.93956E-01 0.30704E+00 0.40602E+00 0.14384E+00 0.00000E+00 0.00000E+00 0.00000E+00 0.00000E+00 0.00000E+00 0.49140E-01 0.93956E-01 0.30704E+00 0.40602E+00 0.14384E+00
NO EVENT      2    62
NO EVENT      2    63
NO EVENT      2    64
NO EVENT      2    65
NO EVENT      2    66
EVENT         2    67
0.39600E+05 0.43200E+05 0.43200E+05
0.53686E+00 0.29913E+00 0.21150E+00
0.18291E+00 0.21262E+00 0.70632E-01
0.10655E-01 0.54469E-02 0.13209E-01
0.20096E+03 0.13314E+03 0.26219E+03
0.17003E-07 0.00000E+00 0.00000E+00
0.32068E-03 0.00000E+00 0.00000E+00
0.00000E+00 0.00000E+00 0.00000E+00
0.00000E+00 0.00000E+00 0.00000E+00
0.19019E-01 0.26288E-01 0.24322E-01
0.00000E+00 0.27775E+04 0.00000E+00
0.00000E+00 -.15675E+03 0.00000E+00
0.00000E+00 0.00000E+00 0.00000E+00 0.00000E+00 0.00000E+00 0.62375E+00 0.84279E+01 0.43182E+01 0.43881E+01 0.19259E+01 0.00000E+00 0.00000E+00 0.00000E+00 0.00000E+00 0.00000E+00
0.49140E-01 0.93956E-01 0.30704E+00 0.40602E+00 0.14384E+00 0.31688E-01 0.42816E+00 0.21938E+00 0.22293E+00 0.97841E-01 0.49140E-01 0.93956E-01 0.30704E+00 0.40602E+00 0.14384E+00
NO EVENT      2    68
NO EVENT      2    69
NO EVENT      2    70
EVENT         2    71
0.10800E+05 0.00000E+00 0.00000E+00
0.58359E+00 0.00000E+00 0.00000E+00
0.53167E+00 0.00000E+00 0.00000E+00
0.15515E-02 0.00000E+00 0.00000E+00
0.29261E+02 0.00000E+00 0.00000E+00
0.22662E-06 0.00000E+00 0.00000E+00
0.42742E-02 0.00000E+00 0.00000E+00
0.00000E+00 0.00000E+00 0.00000E+00
0.00000E+00 0.00000E+00 0.00000E+00
0.74051E-02 0.00000E+00 0.00000E+00
0.00000E+00 0.00000E+00 0.00000E+00
0.00000E+00 0.00000E+00 0.00000E+00
0.00000E+00 0.00000E+00 0.00000E+00 0.00000E+00 0.00000E+00 0.00000E+00 0.00000E+00 0.00000E+00 0.00000E+00 0.00000E+00 0.00000E+00 0.00000E+00 0.00000E+00 0.00000E+00 0.00000E+00
0.49140E-01 0.93956E-01 0.30704E+00 0.40602E+00 0.14384E+00 0.00000E+00 0.00000E+00 0.00000E+00 0.00000E+00 0.00000E+00 0.00000E+00 0.00000E+00 0.00000E+00 0.00000E+00 0.00000E+00
NO EVENT      2    72
NO EVENT      2    73
EVENT         2    74
0.36000E+04 0.36000E+04 0.36000E+04
0.26908E+00 0.12462E+00 0.11429E+00
0.30386E+00 0.16025E+00 0.13486E+00
0.27616E-01 0.23914E-01 0.22527E-01
0.52086E+03 0.58456E+03 0.44715E+03
0.52148E-06 0.00000E+00 0.00000E+00
0.98354E-02 0.00000E+00 0.00000E+00
0.00000E+00 0.00000E+00 0.00000E+00
0.00000E+00 0.00000E+00 0.00000E+00
0.16339E+00 0.20880E+00 0.14656E+00
0.00000E+00 0.00000E+00 0.30604E+04
0.00000E+00 0.00000E+00 0.00000E+00
0.00000E+00 0.00000E+00 0.00000E+00 0.00000E+00 0.00000E+00 0.00000E+00 0.00000E+00 0.00000E+00 0.00000E+00 0.00000E+00 0.33633E+00 0.64306E+00 0.21015E+01 0.27789E+01 0.98450E+00
0.49140E-01 0.93956E-01 0.30704E+00 0.40602E+00 0.14384E+00 0.29900E-01 0.40400E+00 0.20700E+00 0.21035E+00 0.14875E+00 0.49140E-01 0.93956E-01 0.30704E+00 0.40602E+00 0.14384E+00
NO EVENT      2    75
NO EVENT      2    76
NO EVENT      2    77
NO EVENT      2    78
NO EVENT      2    79
NO EVENT      2    80
NO EVENT      2    81
NO EVENT      2    82
NO EVENT      2    83
NO EVENT      2    84
NO EVENT      2    85
NO EVENT      2    86
NO EVENT      2    87
NO EVENT      2    88
NO EVENT      2    89
NO EVENT      2    90
NO EVENT      2    91
NO EVENT      2    92
NO EVENT      2    93
NO EVENT      2    94
NO EVENT      2    95
NO EVENT      2    96
NO EVENT      2    97
NO EVENT      2    98
NO EVENT      2    99
NO EVENT      2   100
NO EVENT      2   101
NO EVENT      2   102
NO EVENT      2   103
NO EVENT      2   104
NO EVENT      2   105
NO EVENT      2   106
NO EVENT      2   107
NO EVENT      2   108
NO EVENT      2   109
NO EVENT      2   110
NO EVENT      2   111
NO EVENT      2   112
NO EVENT      2   113
NO EVENT      2   114
NO EVENT      2   115
NO EVENT      2   116
NO EVENT      2   117
NO EVENT      2   118
NO EVENT      2   119
NO EVENT      2   120
NO EVENT      2   121
NO EVENT      2   122
NO EVENT      2   123
EVENT         2   124
0.00000E+00 0.13572E+05 0.13572E+05
0.00000E+00 0.28794E+00 0.18543E+00
0.00000E+00 0.39633E+00 0.42711E+00
0.00000E+00 0.17516E-02 0.12568E-01
0.00000E+00 0.42816E+02 0.24946E+03
0.00000E+00 0.00000E+00 0.00000E+00
0.00000E+00 0.00000E+00 0.00000E+00
0.00000E+00 0.00000E+00 0.00000E+00
0.00000E+00 0.00000E+00 0.00000E+00
0.00000E+00 0.16370E-01 0.15961E+00
0.00000E+00 0.35461E+04 0.50904E+04
0.00000E+00 -.24275E+04 0.00000E+00
0.00000E+00 0.00000E+00 0.00000E+00 0.00000E+00 0.00000E+00 0.23787E+01 0.12217E+02 0.79652E+01 0.30129E+01 0.55206E+00 0.10028E+01 0.19172E+01 0.62655E+01 0.82850E+01 0.29352E+01
0.00000E+00 0.00000E+00 0.00000E+00 0.00000E+00 0.00000E+00 0.91048E-01 0.46761E+00 0.30488E+00 0.11532E+00 0.21131E-01 0.49141E-01 0.93956E-01 0.30705E+00 0.40601E+00 0.14384E+00
NO EVENT      2   125
NO EVENT      2   126
NO EVENT      2   127
NO EVENT      2   128
NO EVENT      2   129
NO EVENT      2   130
NO EVENT      2   131
NO EVENT      2   132
NO EVENT      2   133
NO EVENT      2   134
NO EVENT      2   135
NO EVENT      2   136
NO EVENT      2   137
NO EVENT      2   138
NO EVENT      2   139
NO EVENT      2   140
NO EVENT      2   141
NO EVENT      2   142
NO EVENT      2   143
NO EVENT      2   144
NO EVENT      2   145
NO EVENT      2   146
NO EVENT      2   147
NO EVENT      2   148
NO EVENT      2   149
NO EVENT      2   150
NO EVENT      2   151
NO EVENT      2   152
NO EVENT      2   153
NO EVENT      2   154
NO EVENT      2   155
NO EVENT      2   156
NO EVENT      2   157
NO EVENT      2   158
NO EVENT      2   159
NO EVENT      2   160
NO EVENT      2   161
NO EVENT      2   162
NO EVENT      2   163
EVENT         2   164
0.00000E+00 0.12960E+05 0.12960E+05
0.00000E+00 0.20914E+00 0.17880E+00
0.00000E+00 0.58783E+00 0.55739E+00
0.00000E+00 0.10082E-01 0.16859E-01
0.00000E+00 0.24644E+03 0.33464E+03
0.00000E+00 0.00000E+00 0.00000E+00
0.00000E+00 0.00000E+00 0.00000E+00
0.00000E+00 0.00000E+00 0.00000E+00
0.00000E+00 0.00000E+00 0.00000E+00
0.00000E+00 0.19241E+00 0.28978E+00
0.00000E+00 0.43869E+05 0.28653E+05
0.00000E+00 -.16479E+05 -.10313E+04
0.00000E+00 0.00000E+00 0.00000E+00 0.00000E+00 0.00000E+00 0.55404E+01 0.65437E+02 0.36500E+02 0.29774E+01 0.68567E+00 0.43360E+01 0.82890E+01 0.27094E+02 0.34526E+02 0.82976E+01
0.00000E+00 0.00000E+00 0.00000E+00 0.00000E+00 0.00000E+00 0.49850E-01 0.58878E+00 0.32841E+00 0.26790E-01 0.61694E-02 0.52531E-01 0.10042E+00 0.32824E+00 0.41828E+00 0.10053E+00
NO EVENT      2   165
NO EVENT      2   166
NO EVENT      2   167
NO EVENT      2   168
EVENT         2   169
0.12168E+05 0.12168E+05 0.12168E+05
0.80001E+00 0.17986E+00 0.17310E+00
0.51232E+00 0.50612E+00 0.49951E+00
0.39371E-02 0.20080E-01 0.17965E-01
0.74255E+02 0.49083E+03 0.35659E+03
0.59745E-06 0.00000E+00 0.00000E+00
0.11268E-01 0.00000E+00 0.00000E+00
0.00000E+00 0.00000E+00 0.00000E+00
0.00000E+00 0.00000E+00 0.00000E+00
0.13209E-01 0.38365E+00 0.28583E+00
0.14981E+03 0.83740E+05 0.38800E+05
-.55559E+02 -.17349E+05 -.72074E+04
0.11160E+00 0.18334E+00 0.69799E+00 0.27383E+00 0.25262E-02 0.52768E+01 0.71271E+02 0.36535E+02 0.18007E+02 0.41746E+01 0.57599E+01 0.11010E+02 0.35989E+02 0.30804E+02 0.50333E+01
0.87926E-01 0.14445E+00 0.54990E+00 0.21573E+00 0.19902E-02 0.39011E-01 0.52690E+00 0.27010E+00 0.13312E+00 0.30862E-01 0.65013E-01 0.12427E+00 0.40622E+00 0.34769E+00 0.56812E-01
NO EVENT      2   170
NO EVENT      2   171
NO EVENT      2   172
NO EVENT      2   173
NO EVENT      2   174
NO EVENT      2   175
NO EVENT      2   176
NO EVENT      2   177
NO EVENT      2   178
NO EVENT      2   179
NO EVENT      2   180
NO EVENT      2   181
NO EVENT      2   182
NO EVENT      2   183
NO EVENT      2   184
EVENT         2   185
0.00000E+00 0.12240E+05 0.12240E+05
0.00000E+00 0.20730E+00 0.17666E+00
0.00000E+00 0.73695E+00 0.86250E+00
0.00000E+00 0.10127E-01 0.18830E-01
0.00000E+00 0.24754E+03 0.37377E+03
0.00000E+00 0.00000E+00 0.00000E+00
0.00000E+00 0.00000E+00 0.00000E+00
0.00000E+00 0.00000E+00 0.00000E+00
0.00000E+00 0.00000E+00 0.00000E+00
0.00000E+00 0.24445E+00 0.50690E+00
0.00000E+00 0.36833E+05 0.37590E+05
0.00000E+00 -.90638E+04 -.22975E+04
0.00000E+00 0.00000E+00 0.00000E+00 0.00000E+00 0.00000E+00 0.45525E+01 0.61494E+02 0.31519E+02 0.11877E+02 0.27359E+01 0.53898E+01 0.10298E+02 0.33677E+02 0.38652E+02 0.64048E+01
0.00000E+00 0.00000E+00 0.00000E+00 0.00000E+00 0.00000E+00 0.40582E-01 0.54818E+00 0.28097E+00 0.10588E+00 0.24389E-01 0.57082E-01 0.10906E+00 0.35667E+00 0.40935E+00 0.67831E-01
NO EVENT      2   186
NO EVENT      2   187
NO EVENT      2   188
NO EVENT      2   189
NO EVENT      2   190
NO EVENT      2   191
NO EVENT      2   192
NO EVENT      2   193
NO EVENT      2   194
NO EVENT      2   195
NO EVENT      2   196
NO EVENT      2   197
NO EVENT      2   198
NO EVENT      2   199
NO EVENT      2   200
NO EVENT      2   201
NO EVENT      2   202
EVENT         2   203
0.00000E+00 0.00000E+00 0.65160E+04
0.00000E+00 0.00000E+00 0.25535E+00
0.00000E+00 0.00000E+00 0.11266E+01
0.00000E+00 0.00000E+00 0.12488E-02
0.00000E+00 0.00000E+00 0.24789E+02
0.00000E+00 0.00000E+00 0.00000E+00
0.00000E+00 0.00000E+00 0.00000E+00
0.00000E+00 0.00000E+00 0.00000E+00
0.00000E+00 0.00000E+00 0.00000E+00
0.00000E+00 0.00000E+00 0.30379E-01
0.00000E+00 0.00000E+00 0.91524E+03
0.00000E+00 0.00000E+00 0.00000E+00
0.00000E+00 0.00000E+00 0.00000E+00 0.00000E+00 0.00000E+00 0.00000E+00 0.00000E+00 0.00000E+00 0.00000E+00 0.00000E+00 0.21093E+01 0.40314E+01 0.13181E+02 0.12997E+02 0.46035E+01
0.00000E+00 0.00000E+00 0.00000E+00 0.00000E+00 0.00000E+00 0.00000E+00 0.00000E+00 0.00000E+00 0.00000E+00 0.00000E+00 0.57128E-01 0.10919E+00 0.35699E+00 0.35201E+00 0.12468E+00
NO EVENT      2   204
NO EVENT      2   205
NO EVENT      2   206
NO EVENT      2   207
NO EVENT      2   208
NO EVENT      2   209
NO EVENT      2   210
NO EVENT      2   211
NO EVENT      2   212
NO EVENT      2   213
NO EVENT      2   214
NO EVENT      2   215
NO EVENT      2   216
NO EVENT      2   217
NO EVENT      2   218
NO EVENT      2   219
NO EVENT      2   220
NO EVENT      2   221
NO EVENT      2   222
NO EVENT      2   223
NO EVENT      2   224
NO EVENT      2   225
NO EVENT      2   226
NO EVENT      2   227
NO EVENT      2   228
EVENT         2   229
0.00000E+00 0.83520E+04 0.83520E+04
0.00000E+00 0.20524E+00 0.18514E+00
0.00000E+00 0.53795E+00 0.44240E+00
0.00000E+00 0.55030E-02 0.74903E-02
0.00000E+00 0.13451E+03 0.14868E+03
0.00000E+00 0.00000E+00 0.00000E+00
0.00000E+00 0.00000E+00 0.00000E+00
0.00000E+00 0.00000E+00 0.00000E+00
0.00000E+00 0.00000E+00 0.00000E+00
0.00000E+00 0.97937E-01 0.98686E-01
0.00000E+00 0.81678E+04 0.15654E+05
0.00000E+00 -.12689E+04 -.41561E+04
0.00000E+00 0.00000E+00 0.00000E+00 0.00000E+00 0.00000E+00 0.18314E+01 0.24745E+02 0.12679E+02 0.98406E+01 0.21909E+01 0.57353E+01 0.10959E+02 0.35835E+02 0.21395E+02 0.34059E+01
0.00000E+00 0.00000E+00 0.00000E+00 0.00000E+00 0.00000E+00 0.35710E-01 0.48247E+00 0.24722E+00 0.19187E+00 0.42719E-01 0.74165E-01 0.14172E+00 0.46340E+00 0.27667E+00 0.44043E-01
NO EVENT      2   230
NO EVENT      2   231
NO EVENT      2   232
NO EVENT      2   233
NO EVENT      2   234
NO EVENT      2   235
NO EVENT      2   236
NO EVENT      2   237
NO EVENT      2   238
NO EVENT      2   239
NO EVENT      2   240
NO EVENT      2   241
NO EVENT      2   242
EVENT         2   243
0.00000E+00 0.11664E+05 0.11664E+05
0.00000E+00 0.23452E+00 0.18679E+00
0.00000E+00 0.51073E+00 0.72273E+00
0.00000E+00 0.37982E-02 0.12518E-01
0.00000E+00 0.92843E+02 0.24847E+03
0.00000E+00 0.00000E+00 0.00000E+00
0.00000E+00 0.00000E+00 0.00000E+00
0.00000E+00 0.00000E+00 0.00000E+00
0.00000E+00 0.00000E+00 0.00000E+00
0.00000E+00 0.56163E-01 0.26705E+00
0.00000E+00 0.37149E+04 0.24255E+05
0.00000E+00 -.40526E+03 -.28295E+04
0.00000E+00 0.00000E+00 0.00000E+00 0.00000E+00 0.00000E+00 0.12103E+01 0.16351E+02 0.83792E+01 0.80681E+01 0.16387E+01 0.50683E+01 0.96876E+01 0.31670E+02 0.34220E+02 0.55837E+01
0.00000E+00 0.00000E+00 0.00000E+00 0.00000E+00 0.00000E+00 0.33951E-01 0.45869E+00 0.23506E+00 0.22633E+00 0.45970E-01 0.58777E-01 0.11235E+00 0.36727E+00 0.39685E+00 0.64755E-01
NO EVENT      2   244
NO EVENT      2   245
NO EVENT      2   246
NO EVENT      2   247
NO EVENT      2   248
NO EVENT      2   249
NO EVENT      2   250
NO EVENT      2   251
NO EVENT      2   252
NO EVENT      2   253
NO EVENT      2   254
NO EVENT      2   255
EVENT         2   256
0.00000E+00 0.00000E+00 0.96120E+04
0.00000E+00 0.00000E+00 0.22876E+00
0.00000E+00 0.00000E+00 0.40277E+00
0.00000E+00 0.00000E+00 0.21555E-02
0.00000E+00 0.00000E+00 0.42786E+02
0.00000E+00 0.00000E+00 0.00000E+00
0.00000E+00 0.00000E+00 0.00000E+00
0.00000E+00 0.00000E+00 0.00000E+00
0.00000E+00 0.00000E+00 0.00000E+00
0.00000E+00 0.00000E+00 0.20926E-01
0.00000E+00 0.00000E+00 0.27335E+03
0.00000E+00 0.00000E+00 0.00000E+00
0.00000E+00 0.00000E+00 0.00000E+00 0.00000E+00 0.00000E+00 0.00000E+00 0.00000E+00 0.00000E+00 0.00000E+00 0.00000E+00 0.34670E+00 0.66272E+00 0.21668E+01 0.23724E+01 0.84027E+00
0.00000E+00 0.00000E+00 0.00000E+00 0.00000E+00 0.00000E+00 0.00000E+00 0.00000E+00 0.00000E+00 0.00000E+00 0.00000E+00 0.54266E-01 0.10373E+00 0.33915E+00 0.37133E+00 0.13152E+00
NO EVENT      2   257
NO EVENT      2   258
NO EVENT      2   259
NO EVENT      2   260
NO EVENT      2   261
NO EVENT      2   262
NO EVENT      2   263
NO EVENT      2   264
NO EVENT      2   265
NO EVENT      2   266
NO EVENT      2   267
NO EVENT      2   268
NO EVENT      2   269
NO EVENT      2   270
NO EVENT      2   271
NO EVENT      2   272
NO EVENT      2   273
NO EVENT      2   274
NO EVENT      2   275
NO EVENT      2   276
NO EVENT      2   277
NO EVENT      2   278
NO EVENT      2   279
NO EVENT      2   280
NO EVENT      2   281
NO EVENT      2   282
NO EVENT      2   283
NO EVENT      2   284
NO EVENT      2   285
NO EVENT      2   286
NO EVENT      2   287
NO EVENT      2   288
NO EVENT      2   289
NO EVENT      2   290
NO EVENT      2   291
NO EVENT      2   292
NO EVENT      2   293
NO EVENT      2   294
NO EVENT      2   295
NO EVENT      2   296
NO EVENT      2   297
NO EVENT      2   298
NO EVENT      2   299
NO EVENT      2   300
NO EVENT      2   301
NO EVENT      2   302
NO EVENT      2   303
NO EVENT      2   304
NO EVENT      2   305
NO EVENT      2   306
NO EVENT      2   307
NO EVENT      2   308
NO EVENT      2   309
NO EVENT      2   310
NO EVENT      2   311
EVENT         2   312
0.00000E+00 0.00000E+00 0.10800E+05
0.00000E+00 0.00000E+00 0.18568E+00
0.00000E+00 0.00000E+00 0.10879E+00
0.00000E+00 0.00000E+00 0.69216E-02
0.00000E+00 0.00000E+00 0.13739E+03
0.00000E+00 0.00000E+00 0.00000E+00
0.00000E+00 0.00000E+00 0.00000E+00
0.00000E+00 0.00000E+00 0.00000E+00
0.00000E+00 0.00000E+00 0.00000E+00
0.00000E+00 0.00000E+00 0.22361E-01
0.00000E+00 0.00000E+00 0.41993E+02
0.00000E+00 0.00000E+00 0.00000E+00
0.00000E+00 0.00000E+00 0.00000E+00 0.00000E+00 0.00000E+00 0.00000E+00 0.00000E+00 0.00000E+00 0.00000E+00 0.00000E+00 0.15019E-01 0.28717E-01 0.93846E-01 0.12410E+00 0.43965E-01
0.00000E+00 0.00000E+00 0.00000E+00 0.00000E+00 0.00000E+00 0.00000E+00 0.00000E+00 0.00000E+00 0.00000E+00 0.00000E+00 0.49140E-01 0.93956E-01 0.30704E+00 0.40602E+00 0.14384E+00
NO EVENT      2   313
NO EVENT      2   314
NO EVENT      2   315
NO EVENT      2   316
NO EVENT      2   317
NO EVENT      2   318
NO EVENT      2   319
NO EVENT      2   320
NO EVENT      2   321
NO EVENT      2   322
NO EVENT      2   323
NO EVENT      2   324
NO EVENT      2   325
NO EVENT      2   326
NO EVENT      2   327
NO EVENT      2   328
NO EVENT      2   329
NO EVENT      2   330
NO EVENT      2   331
NO EVENT      2   332
NO EVENT      2   333
NO EVENT      2   334
NO EVENT      2   335
NO EVENT      2   336
NO EVENT      2   337
NO EVENT      2   338
NO EVENT      2   339
NO EVENT      2   340
NO EVENT      2   341
NO EVENT      2   342
NO EVENT      2   343
NO EVENT      2   344
NO EVENT      2   345
NO EVENT      2   346
NO EVENT      2   347
NO EVENT      2   348
NO EVENT      2   349
NO EVENT      2   350
NO EVENT      2   351
NO EVENT      2   352
NO EVENT      2   353
NO EVENT      2   354
NO EVENT      2   355
NO EVENT      2   356
NO EVENT      2   357
NO EVENT      2   358
NO EVENT      2   359
NO EVENT      2   360
NO EVENT      2   361
NO EVENT      2   362
NO EVENT      2   363
NO EVENT      2   364
NO EVENT      2   365
