 TOMBSTONE AZ                             28619 0
 LATT=  31.72 LONG=-110.07 YEARS= 96. TYPE= 3
 ELEVATION = 4540. TP5 = 1.26 TP6= 2.46
 MEAN P    .99   .00   .00   .37   .14  1.18  3.69  3.95  1.32  1.40   .66  2.53
 S DEV P  2.48   .01   .00  1.69   .27  2.45  3.69  4.05  2.64  3.74  2.90  4.65
 SKEW  P  1.20  1.40   .54   .67  1.52  1.43  1.17   .78  1.49  1.12   .68  1.54
 P(W/W)    .67   .00   .00   .43   .69   .80   .96   .97   .55   .77   .67   .84
 P(W/D)    .17   .26   .03   .18   .29   .29   .50  1.00   .28   .12   .15   .60
 TMAX AV 13.42 16.37 21.15 22.62 31.27 31.57 32.18 30.45 29.93 21.52 18.13 12.88
 TMIN AV  3.22  3.69  7.07  8.85 16.91 18.93 21.89 20.45 18.73 11.45  7.05  4.38
 SD TMAX  2.09  2.29  2.15  4.11  3.08  1.97  1.52  2.24  1.60  2.99  4.83  2.94
 SD TMIN  2.18  2.74  2.55  4.07  3.10  2.78  1.38  1.95  2.06  2.76  4.02  2.87
 SOL.RAD -1.82 -7.62 -7.52 -3.28   .68  5.99 13.65 14.45 11.05  5.97  -.93   .49
 SD SOL   33.2  28.3  27.4  33.8  44.4  33.1  46.8  95.0  38.0  22.5  19.6  26.2
 MX .5 P   .35   .18   .22   .10   .09   .05   .13  1.00   .14   .32   .14   .21
 DEW PT  -1.82 -7.62 -7.52 -3.28   .68  5.99 13.65 14.45 11.05  5.97  -.93   .49
Time Pk   .548  .683  .763  .827  .852  .865  .876  .884  .887  .926  .957 1.000
% N       9.68  3.45   .00  3.33   .00   .00 12.90 35.48  6.67 22.58 20.00 38.71
MEAN      1.40  2.60   .00  4.30   .00   .00  2.30  2.18  1.75  2.81  3.20  3.56
STD DEV    .17   .00   .00   .00   .00   .00   .36   .62   .49  1.09  1.10  1.58
SKEW      1.73   .00   .00   .00   .00   .00   .84  -.09   .00   .04  -.55   .21
% NNE     6.45  3.45  6.45 20.00  6.45 36.67  9.68 16.13 20.00 19.35 13.33 16.13
MEAN      3.40  4.00  4.95  5.05  3.30  4.26  1.57  1.78  3.20  4.58  3.60  3.82
STD DEV   3.54   .00  3.18  2.84   .71  1.30   .81   .75  1.19  1.30  1.85  1.93
SKEW       .00   .00   .00 -1.32   .00 -1.23  1.35  -.88  -.88  -.50  -.32   .65
% NE      9.68   .00 16.13 16.67 16.13 13.33 12.90  6.45 10.00 32.26 13.33 12.90
MEAN      2.13   .00  3.48  6.08  3.72  4.00  1.45  2.10  2.90  3.98  3.15  2.32
STD DEV    .38   .00  1.58  2.32   .96  1.86   .40   .57   .56  1.45  1.60   .92
SKEW     -1.32   .00  -.04   .75  -.25  -.48   .74   .00  -.54  -.04  -.19 -1.06
% ENE     6.45 17.24 25.81  6.67 19.35 23.33 12.90 12.90  3.33  6.45  6.67  3.23
MEAN      2.55  3.62  3.93  6.15  3.53  2.74  1.60  2.20  2.40  1.80  2.00  1.80
STD DEV   1.20  1.18  2.25  2.05   .64   .71   .50   .14   .00  1.84   .85   .00
SKEW       .00   .81   .90   .00  -.31  -.24  -.91 -1.06   .00   .00   .00   .00
% E       6.45 17.24 12.90 16.67 29.03 13.33 16.13 12.90  3.33  9.68 16.67  3.23
MEAN      2.15  2.40  3.78  3.86  2.72  2.38  2.36  1.87  3.10  2.43  3.12  2.20
STD DEV    .64  1.26  1.24   .81   .76   .46   .43   .40   .00  1.44  1.40   .00
SKEW       .00   .95   .18  -.89  -.31   .16  -.28  -.19   .00 -1.18  -.60   .00
% ESE     3.23 10.34 19.35 10.00  6.45 10.00 12.90  6.45 10.00   .00   .00   .00
MEAN      3.30  4.00  3.32  3.20  3.05  3.00  3.12  2.40  1.97   .00   .00   .00
STD DEV    .00  2.23  1.42   .53   .21   .26   .46   .14  1.07   .00   .00   .00
SKEW       .00  -.54   .25  1.13   .00 -1.13   .48   .00  -.65   .00   .00   .00
% SE      6.45 10.34  6.45 13.33  3.23   .00  3.23  6.45  6.67   .00   .00   .00
MEAN      1.80  2.47  2.15  1.90  3.10   .00  2.60  2.50  2.00   .00   .00   .00
STD DEV    .57   .29  1.48   .75   .00   .00   .00   .71   .28   .00   .00   .00
SKEW       .00  1.73   .00   .00   .00   .00   .00   .00   .00   .00   .00   .00
% SSE      .00   .00  6.45  3.33  3.23   .00   .00   .00  6.67   .00   .00   .00
MEAN       .00   .00  1.95  3.20  2.80   .00   .00   .00   .90   .00   .00   .00
STD DEV    .00   .00   .78   .00   .00   .00   .00   .00   .71   .00   .00   .00
SKEW       .00   .00   .00   .00   .00   .00   .00   .00   .00   .00   .00   .00
% S       6.45   .00   .00   .00   .00   .00   .00   .00   .00   .00  3.33   .00
MEAN      1.60   .00   .00   .00   .00   .00   .00   .00   .00   .00  2.00   .00
STD DEV   1.41   .00   .00   .00   .00   .00   .00   .00   .00   .00   .00   .00
SKEW       .00   .00   .00   .00   .00   .00   .00   .00   .00   .00   .00   .00
% SSW      .00  3.45  3.23   .00  6.45  3.33   .00   .00   .00   .00   .00   .00
MEAN       .00  1.50  1.00   .00   .95  1.40   .00   .00   .00   .00   .00   .00
STD DEV    .00   .00   .00   .00   .78   .00   .00   .00   .00   .00   .00   .00
SKEW       .00   .00   .00   .00   .00   .00   .00   .00   .00   .00   .00   .00
% SW       .00  6.90   .00  3.33   .00   .00   .00   .00   .00   .00  3.33  3.23
MEAN       .00  1.50   .00  2.10   .00   .00   .00   .00   .00   .00   .90  1.70
STD DEV    .00   .99   .00   .00   .00   .00   .00   .00   .00   .00   .00   .00
SKEW       .00   .00   .00   .00   .00   .00   .00   .00   .00   .00   .00   .00
% WSW     6.45  6.90   .00   .00   .00   .00   .00   .00   .00   .00   .00   .00
MEAN      2.85  3.05   .00   .00   .00   .00   .00   .00   .00   .00   .00   .00
STD DEV   1.06   .35   .00   .00   .00   .00   .00   .00   .00   .00   .00   .00
SKEW       .00   .00   .00   .00   .00   .00   .00   .00   .00   .00   .00   .00
% W      12.90   .00   .00  3.33   .00   .00   .00   .00   .00   .00   .00  3.23
MEAN      2.88   .00   .00  1.20   .00   .00   .00   .00   .00   .00   .00  2.20
STD DEV    .48   .00   .00   .00   .00   .00   .00   .00   .00   .00   .00   .00
SKEW      -.78   .00   .00   .00   .00   .00   .00   .00   .00   .00   .00   .00
% WNW    12.90 10.34   .00  3.33   .00   .00  6.45   .00   .00  3.23   .00  6.45
MEAN      3.58  3.60   .00  1.80   .00   .00  1.80   .00   .00  1.40   .00  2.85
STD DEV    .67   .17   .00   .00   .00   .00  1.13   .00   .00   .00   .00   .78
SKEW       .11  1.73   .00   .00   .00   .00   .00   .00   .00   .00   .00   .00
% NW      6.45 10.34  3.23   .00  3.23   .00  6.45   .00 26.67   .00 13.33  3.23
MEAN      2.75  2.00  2.20   .00  3.40   .00  3.05   .00  3.70   .00  2.72  4.10
STD DEV    .07   .80   .00   .00   .00   .00   .64   .00  1.14   .00  1.38   .00
SKEW       .00   .00   .00   .00   .00   .00   .00   .00  -.52   .00   .27   .00
% NNW     6.45   .00   .00   .00  6.45   .00  6.45  3.23  6.67  6.45 10.00  9.68
MEAN      2.80   .00   .00   .00  2.40   .00  2.90  3.00  4.10  2.35  3.07  2.30
STD DEV    .57   .00   .00   .00  1.41   .00   .42   .00   .14   .07  2.73   .52
SKEW       .00   .00   .00   .00   .00   .00   .00   .00   .00   .00   .84  1.73
CALM       .00   .00   .00   .00   .00   .00   .00   .00   .00   .00   .00   .00
 
INTERPOLATED DATA (station & weighting factor)
 
---Wind Stations---
FORT HUACHUCA AZ     .724  TUCSON/DAVIS  AZ     .173  SILVER CITY   NM     .103
---Solar Radiation and Max .5 P Stations---
 WALNUT GULCH, ARIZ  .992   PHOENIX, ARIZONA    .008                            
---Dewpoint Stations---
AZ TUCSON            .741  AZ PHOENIX           .259                            
---Time Peak Stations---
BISBEE AZ            .444  COCHISE 4 SSE AZ     .347  HELVETIA SRES AZ     .209 
